
variables = "r", "UA(r)", "Uncertainty"
zone T = "State 1 UA(r)  5412rref2_74RRRfulls"

    0.600000   -1.0270208516961D+01  5.857D+00
    0.650000   -9.9769432846469D+00  5.656D+00
    0.700000   -9.6179062084809D+00  5.412D+00
    0.750000   -9.1890070022402D+00  5.123D+00
    0.800000   -8.6886126399907D+00  4.790D+00
    0.850000   -8.1181654292211D+00  4.416D+00
    0.900000   -7.4826582286220D+00  4.007D+00
    0.950000   -6.7908642978906D+00  3.573D+00
    1.000000   -6.0552264886902D+00  3.126D+00
    1.050000   -5.2913404912393D+00  2.681D+00
    1.100000   -4.5170210506029D+00  2.255D+00
    1.150000   -3.7510131707318D+00  1.863D+00
    1.200000   -3.0114891562552D+00  1.521D+00
    1.250000   -2.3145372421290D+00  1.239D+00
    1.300000   -1.6728770474954D+00  1.018D+00
    1.350000   -1.0950151622001D+00  8.513D-01
    1.400000   -5.8497797329498D-01  7.234D-01
    1.450000   -1.4264312258470D-01  6.172D-01
    1.500000    2.3543388716727D-01  5.199D-01
    1.550000    5.5489892393572D-01  4.256D-01
    1.600000    8.2242654455024D-01  3.347D-01
    1.650000    1.0447133266377D+00  2.515D-01
    1.700000    1.2277790194333D+00  1.829D-01
    1.750000    1.3766194099790D+00  1.373D-01
    1.800000    1.4951677614228D+00  1.199D-01
    1.850000    1.5864679019185D+00  1.233D-01
    1.900000    1.6529476062797D+00  1.331D-01
    1.950000    1.6966977622349D+00  1.404D-01
    2.000000    1.7196959533530D+00  1.429D-01
    2.050000    1.7239480531273D+00  1.408D-01
    2.100000    1.7115487662436D+00  1.356D-01
    2.150000    1.6846782543564D+00  1.288D-01
    2.200000    1.6455579500653D+00  1.218D-01
    2.250000    1.5963874743869D+00  1.157D-01
    2.300000    1.5392796315267D+00  1.110D-01
    2.350000    1.4762044449698D+00  1.077D-01
    2.400000    1.4089477741707D+00  1.057D-01
    2.450000    1.3390859552706D+00  1.044D-01
    2.500000    1.2679752657945D+00  1.035D-01
    2.550000    1.1967536121182D+00  1.027D-01
    2.600000    1.1263513474728D+00  1.017D-01
    2.650000    1.0575082190539D+00  1.003D-01
    2.700000    9.9079384913694D-01  9.847D-02
    2.750000    9.2662968791286D-01  9.625D-02
    2.800000    8.6531091587000D-01  9.366D-02
    2.850000    8.0702725572009D-01  9.074D-02
    2.900000    7.5188205003605D-01  8.756D-02
    2.950000    6.9990926592654D-01  8.417D-02
    3.000000    6.5108830986867D-01  8.065D-02
    3.050000    6.0535668756803D-01  7.705D-02
    3.100000    5.6262064013629D-01  7.342D-02
    3.150000    5.2276394275582D-01  6.979D-02
    3.200000    4.8565507712269D-01  6.622D-02
    3.250000    4.5115299378893D-01  6.272D-02
    3.300000    4.1911167231509D-01  5.931D-02
    3.350000    3.8938367122736D-01  5.601D-02
    3.400000    3.6182283992533D-01  5.285D-02
    3.450000    3.3628634346647D-01  4.981D-02
    3.500000    3.1263613021841D-01  4.691D-02
    3.550000    2.9073995271729D-01  4.415D-02
    3.600000    2.7047203424143D-01  4.154D-02
    3.650000    2.5171345783110D-01  3.906D-02
    3.700000    2.3435234078811D-01  3.672D-02
    3.750000    2.1828384597525D-01  3.451D-02
    3.800000    2.0341007134444D-01  3.243D-02
    3.850000    1.8963985085524D-01  3.047D-02
    3.900000    1.7688849309941D-01  2.863D-02
    3.950000    1.6507747832224D-01  2.690D-02
    4.000000    1.5413412994423D-01  2.527D-02
    4.050000    1.4399127297113D-01  2.375D-02
    4.100000    1.3458688869034D-01  2.233D-02
    4.150000    1.2586377266230D-01  2.099D-02
    4.200000    1.1776920111765D-01  1.974D-02
    4.250000    1.1025460937575D-01  1.856D-02
    4.300000    1.0327528473061D-01  1.746D-02
    4.350000    9.6790075343705D-02  1.643D-02
    4.400000    9.0761115988009D-02  1.547D-02
    4.450000    8.5153570961386D-02  1.457D-02
    4.500000    7.9935394094554D-02  1.372D-02
    4.550000    7.5077105492528D-02  1.293D-02
    4.600000    7.0551584444757D-02  1.219D-02
    4.650000    6.6333877800295D-02  1.149D-02
    4.700000    6.2401023015582D-02  1.084D-02
    4.750000    5.8731885031886D-02  1.023D-02
    4.800000    5.5307006117875D-02  9.657D-03
    4.850000    5.2108467812900D-02  9.120D-03
    4.900000    4.9119764122410D-02  8.616D-03
    4.950000    4.6325685143964D-02  8.143D-03
    5.000000    4.3712210337185D-02  7.699D-03
    5.050000    4.1266410690724D-02  7.282D-03
    5.100000    3.8976359082038D-02  6.890D-03
    5.150000    3.6831048169757D-02  6.522D-03
    5.200000    3.4820315202598D-02  6.176D-03
    5.250000    3.2934773172224D-02  5.851D-03
    5.300000    3.1165747779548D-02  5.545D-03
    5.350000    2.9505219724366D-02  5.257D-03
    5.400000    2.7945771866553D-02  4.985D-03
    5.450000    2.6480540843201D-02  4.730D-03
    5.500000    2.5103172759990D-02  4.490D-03
    5.550000    2.3807782606715D-02  4.263D-03
    5.600000    2.2588917076237D-02  4.049D-03
    5.650000    2.1441520493400D-02  3.848D-03
    5.700000    2.0360903585475D-02  3.657D-03
    5.750000    1.9342714848930D-02  3.478D-03
    5.800000    1.8382914288525D-02  3.308D-03
    5.850000    1.7477749324242D-02  3.148D-03
    5.900000    1.6623732679474D-02  2.997D-03
    5.950000    1.5817622080216D-02  2.854D-03
    6.000000    1.5056401609971D-02  2.719D-03
    6.050000    1.4337264578753D-02  2.591D-03
    6.100000    1.3657597776972D-02  2.470D-03
    6.150000    1.3014966996450D-02  2.355D-03
    6.200000    1.2407103711077D-02  2.247D-03
    6.250000    1.1831892819121D-02  2.144D-03
    6.300000    1.1287361357788D-02  2.047D-03
    6.350000    1.0771668108471D-02  1.954D-03
    6.400000    1.0283094018234D-02  1.867D-03
    6.450000    9.8200333695933D-03  1.784D-03
    6.500000    9.3809856365930D-03  1.705D-03
    6.550000    8.9645479704849D-03  1.630D-03
    6.600000    8.5694082633207D-03  1.559D-03
    6.650000    8.1943387421344D-03  1.491D-03
    6.700000    7.8381900505326D-03  1.427D-03
    6.750000    7.4998857781682D-03  1.366D-03
    6.800000    7.1784174019701D-03  1.308D-03
    6.850000    6.8728396060512D-03  1.253D-03
    6.900000    6.5822659500462D-03  1.200D-03
    6.950000    6.3058648581753D-03  1.150D-03
    7.000000    6.0428559036365D-03  1.103D-03
    7.050000    5.7925063650941D-03  1.058D-03
    7.100000    5.5541280339259D-03  1.014D-03
    7.150000    5.3270742526927D-03  9.732D-04
    7.200000    5.1107371669231D-03  9.340D-04
    7.250000    4.9045451736807D-03  8.966D-04
    7.300000    4.7079605518928D-03  8.609D-04
    7.350000    4.5204772605152D-03  8.268D-04
    7.400000    4.3416188917740D-03  7.944D-04
    7.450000    4.1709367677884D-03  7.633D-04
    7.500000    4.0080081697750D-03  7.337D-04
    7.550000    3.8524346899243D-03  7.054D-04
    7.600000    3.7038406968218D-03  6.783D-04
    7.650000    3.5618719059929D-03  6.525D-04
    7.700000    3.4261940478592D-03  6.278D-04
    7.750000    3.2964916259345D-03  6.041D-04
    7.800000    3.1724667587160D-03  5.815D-04
    7.850000    3.0538380991879D-03  5.599D-04
    7.900000    2.9403398263343D-03  5.392D-04
    7.950000    2.8317207035073D-03  5.194D-04
    8.000000    2.7277431988797D-03  5.004D-04
    8.050000    2.6281826635614D-03  4.822D-04
    8.100000    2.5328265633183D-03  4.648D-04
    8.150000    2.4414737601234D-03  4.481D-04
    8.200000    2.3539338400587D-03  4.321D-04
    8.250000    2.2700264843419D-03  4.168D-04
    8.300000    2.1895808804994D-03  4.021D-04
    8.350000    2.1124351709137D-03  3.880D-04
    8.400000    2.0384359362046D-03  3.744D-04
    8.450000    1.9674377110433D-03  3.614D-04
    8.500000    1.8993025302314D-03  3.490D-04
    8.550000    1.8338995029864D-03  3.370D-04
    8.600000    1.7711044135458D-03  3.255D-04
    8.650000    1.7107993463279D-03  3.145D-04
    8.700000    1.6528723340433D-03  3.038D-04
    8.750000    1.5972170271988D-03  2.936D-04
    8.800000    1.5437323836305D-03  2.838D-04
    8.850000    1.4923223767291D-03  2.744D-04
    8.900000    1.4428957211500D-03  2.654D-04
    8.950000    1.3953656148771D-03  2.566D-04
    9.000000    1.3496494965874D-03  2.483D-04
    9.050000    1.3056688173293D-03  2.402D-04
    9.100000    1.2633488256087D-03  2.324D-04
    9.150000    1.2226183650318D-03  2.250D-04
    9.200000    1.1834096837056D-03  2.178D-04
    9.250000    1.1456582546660D-03  2.108D-04
    9.300000    1.1093026066312D-03  2.042D-04
    9.350000    1.0742841644525D-03  1.977D-04
    9.400000    1.0405470986553D-03  1.915D-04
    9.450000    1.0080381835033D-03  1.856D-04
    9.500000    9.7670666307999D-04  1.798D-04
    9.550000    9.4650412487720D-04  1.743D-04
    9.600000    9.1738438045199D-04  1.689D-04
    9.650000    8.8930335272155D-04  1.638D-04
    9.700000    8.6221896948278D-04  1.588D-04
    9.750000    8.3609106280617D-04  1.540D-04
    9.800000    8.1088127393291D-04  1.494D-04
    9.850000    7.8655296336339D-04  1.449D-04
    9.900000    7.6307112582513D-04  1.406D-04
    9.950000    7.4040230983258D-04  1.364D-04
   10.000000    7.1851454156736D-04  1.324D-04
   10.050000    6.9737725284267D-04  1.285D-04
   10.100000    6.7696121289619D-04  1.247D-04
   10.150000    6.5723846378361D-04  1.211D-04
   10.200000    6.3818225922127D-04  1.176D-04
   10.250000    6.1976700660353D-04  1.142D-04
   10.300000    6.0196821205835D-04  1.109D-04
   10.350000    5.8476242837559D-04  1.078D-04
   10.400000    5.6812720562412D-04  1.047D-04
   10.450000    5.5204104430885D-04  1.018D-04
   10.500000    5.3648335094095D-04  9.889D-05
   10.550000    5.2143439587885D-04  9.612D-05
   10.600000    5.0687527330497D-04  9.344D-05
   10.650000    4.9278786324109D-04  9.085D-05
   10.700000    4.7915479546216D-04  8.834D-05
   10.750000    4.6595941524218D-04  8.591D-05
   10.800000    4.5318575079250D-04  8.356D-05
   10.850000    4.4081848232747D-04  8.128D-05
   10.900000    4.2884291266627D-04  7.908D-05
   10.950000    4.1724493927996D-04  7.694D-05
   11.000000    4.0601102770715D-04  7.487D-05
   11.050000    3.9512818627524D-04  7.287D-05
   11.100000    3.8458394205024D-04  7.093D-05
   11.150000    3.7436631795019D-04  6.904D-05
   11.200000    3.6446381096742D-04  6.722D-05
   11.250000    3.5486537142527D-04  6.545D-05
   11.300000    3.4556038324711D-04  6.374D-05
   11.350000    3.3653864514212D-04  6.208D-05
   11.400000    3.2779035270784D-04  6.046D-05
   11.450000    3.1930608135376D-04  5.890D-05
   11.500000    3.1107677004272D-04  5.738D-05
   11.550000    3.0309370579596D-04  5.591D-05
   11.600000    2.9534850891079D-04  5.449D-05
   11.650000    2.8783311886925D-04  5.310D-05
   11.700000    2.8053978090311D-04  5.176D-05
   11.750000    2.7346103317104D-04  5.045D-05
   11.800000    2.6658969452944D-04  4.919D-05
   11.850000    2.5991885285446D-04  4.796D-05
   11.900000    2.5344185390670D-04  4.676D-05
   11.950000    2.4715229069168D-04  4.560D-05
   12.000000    2.4104399330163D-04  4.448D-05
   12.050000    2.3511101921830D-04  4.338D-05
   12.100000    2.2934764404584D-04  4.232D-05
   12.150000    2.2374835265799D-04  4.129D-05
   12.200000    2.1830783073894D-04  4.029D-05
   12.250000    2.1302095670196D-04  3.931D-05
   12.300000    2.0788279395632D-04  3.836D-05
   12.350000    2.0288858351531D-04  3.744D-05
   12.400000    1.9803373694131D-04  3.655D-05
   12.450000    1.9331382957446D-04  3.568D-05
   12.500000    1.8872459407353D-04  3.483D-05
   12.550000    1.8426191423196D-04  3.401D-05
   12.600000    1.7992181905001D-04  3.321D-05
   12.650000    1.7570047708100D-04  3.243D-05
   12.700000    1.7159419099527D-04  3.167D-05
   12.750000    1.6759939239483D-04  3.093D-05
   12.800000    1.6371263683865D-04  3.022D-05
   12.850000    1.5993059908019D-04  2.952D-05
   12.900000    1.5625006850247D-04  2.884D-05
   12.950000    1.5266794475076D-04  2.818D-05
   13.000000    1.4918123353781D-04  2.754D-05
   13.050000    1.4578704264092D-04  2.691D-05
   13.100000    1.4248257803751D-04  2.630D-05
   13.150000    1.3926514022987D-04  2.571D-05
   13.200000    1.3613212070400D-04  2.513D-05
   13.250000    1.3308099853021D-04  2.457D-05
   13.300000    1.3010933712038D-04  2.402D-05
   13.350000    1.2721478109877D-04  2.348D-05
   13.400000    1.2439505330583D-04  2.296D-05
   13.450000    1.2164795193356D-04  2.246D-05
   13.500000    1.1897134775531D-04  2.196D-05
   13.550000    1.1636318148723D-04  2.148D-05
   13.600000    1.1382146124128D-04  2.101D-05
   13.650000    1.1134426008770D-04  2.056D-05
   13.700000    1.0892971370761D-04  2.011D-05
   13.750000    1.0657601814326D-04  1.968D-05
   13.800000    1.0428142763702D-04  1.925D-05
   13.850000    1.0204425255169D-04  1.884D-05
   13.900000    9.9862857373677D-05  1.844D-05
   13.950000    9.7735658797637D-05  1.805D-05
   14.000000    9.5661123876054D-05  1.766D-05
   14.050000    9.3637768251881D-05  1.729D-05
   14.100000    9.1664154456263D-05  1.693D-05
   14.150000    8.9738890257956D-05  1.657D-05
   14.200000    8.7860627101816D-05  1.622D-05
   14.250000    8.6028058584112D-05  1.588D-05
   14.300000    8.4239918993074D-05  1.555D-05
   14.350000    8.2494981913201D-05  1.523D-05
   14.400000    8.0792058869462D-05  1.492D-05
   14.450000    7.9129998024858D-05  1.461D-05
   14.500000    7.7507682943314D-05  1.431D-05
   14.550000    7.5924031367141D-05  1.402D-05
   14.600000    7.4377994077788D-05  1.373D-05
   14.650000    7.2868553762251D-05  1.346D-05
   14.700000    7.1394723952347D-05  1.318D-05
   14.750000    6.9955547981627D-05  1.292D-05
   14.800000    6.8550097991295D-05  1.266D-05
   14.850000    6.7177473968729D-05  1.241D-05
   14.900000    6.5836802826077D-05  1.216D-05
   14.950000    6.4527237505505D-05  1.192D-05
   15.000000    6.3247956117081D-05  1.168D-05
   15.050000    6.1998161116777D-05  1.145D-05
   15.100000    6.0777078506674D-05  1.122D-05
   15.150000    5.9583957061867D-05  1.100D-05
   15.200000    5.8418067593033D-05  1.079D-05
   15.250000    5.7278702226754D-05  1.058D-05
   15.300000    5.6165173720037D-05  1.037D-05
   15.350000    5.5076814789609D-05  1.017D-05
   15.400000    5.4012977475432D-05  9.975D-06
   15.450000    5.2973032516021D-05  9.783D-06
   15.500000    5.1956368755000D-05  9.596D-06
   15.550000    5.0962392563972D-05  9.412D-06
   15.600000    4.9990527280196D-05  9.233D-06
   15.650000    4.9040212678517D-05  9.057D-06
   15.700000    4.8110904447670D-05  8.886D-06
   15.750000    4.7202073687389D-05  8.718D-06
   15.800000    4.6313206432313D-05  8.554D-06
   15.850000    4.5443803177292D-05  8.393D-06
   15.900000    4.4593378432487D-05  8.236D-06
   15.950000    4.3761460285843D-05  8.083D-06
   16.000000    4.2947589980439D-05  7.932D-06
   16.050000    4.2151321512664D-05  7.785D-06
   16.100000    4.1372221239284D-05  7.641D-06
   16.150000    4.0609867490431D-05  7.501D-06
   16.200000    3.9863850215371D-05  7.363D-06
   16.250000    3.9133770617775D-05  7.228D-06
   16.300000    3.8419240820789D-05  7.096D-06
   16.350000    3.7719883530572D-05  6.967D-06
   16.400000    3.7035331722175D-05  6.841D-06
   16.450000    3.6365228320901D-05  6.717D-06
   16.500000    3.5709225916468D-05  6.596D-06
   16.550000    3.5066986459214D-05  6.477D-06
   16.600000    3.4438180993593D-05  6.361D-06
   16.650000    3.3822489378196D-05  6.247D-06
   16.700000    3.3219600028135D-05  6.136D-06
   16.750000    3.2629209660375D-05  6.027D-06
   16.800000    3.2051023049490D-05  5.920D-06
   16.850000    3.1484752792356D-05  5.816D-06
   16.900000    3.0930119072794D-05  5.713D-06
   16.950000    3.0386849447115D-05  5.613D-06
   17.000000    2.9854678623650D-05  5.515D-06
   17.050000    2.9333348257190D-05  5.418D-06
   17.100000    2.8822606746394D-05  5.324D-06
   17.150000    2.8322209040128D-05  5.232D-06
   17.200000    2.7831916445277D-05  5.141D-06
   17.250000    2.7351496449476D-05  5.052D-06
   17.300000    2.6880722539326D-05  4.965D-06
   17.350000    2.6419374030557D-05  4.880D-06
   17.400000    2.5967235902634D-05  4.797D-06
   17.450000    2.5524098636349D-05  4.715D-06
   17.500000    2.5089758057358D-05  4.635D-06
   17.550000    2.4664015185679D-05  4.556D-06
   17.600000    2.4246676092649D-05  4.479D-06
   17.650000    2.3837551754870D-05  4.403D-06
   17.700000    2.3436457915610D-05  4.329D-06
   17.750000    2.3043214958147D-05  4.257D-06
   17.800000    2.2657647768635D-05  4.185D-06
   17.850000    2.2279585613897D-05  4.116D-06
   17.900000    2.1908862025187D-05  4.047D-06
   17.950000    2.1545314671474D-05  3.980D-06
   18.000000    2.1188785255128D-05  3.914D-06
   18.050000    2.0839119383692D-05  3.850D-06
   18.100000    2.0496166486462D-05  3.786D-06
   18.150000    2.0159779695199D-05  3.724D-06
   18.200000    1.9829815742763D-05  3.663D-06
   18.250000    1.9506134873684D-05  3.603D-06
   18.300000    1.9188600741285D-05  3.545D-06
   18.350000    1.8877080316746D-05  3.487D-06
   18.400000    1.8571443804129D-05  3.431D-06
   18.450000    1.8271564546444D-05  3.375D-06
   18.500000    1.7977318948130D-05  3.321D-06
   18.550000    1.7688586391559D-05  3.268D-06
   18.600000    1.7405249150544D-05  3.215D-06
   18.650000    1.7127192326249D-05  3.164D-06
   18.700000    1.6854303759191D-05  3.114D-06
   18.750000    1.6586473966632D-05  3.064D-06
   18.800000    1.6323596066520D-05  3.016D-06
   18.850000    1.6065565707402D-05  2.968D-06
   18.900000    1.5812281008786D-05  2.921D-06
   18.950000    1.5563642491044D-05  2.875D-06
   19.000000    1.5319553014273D-05  2.830D-06
   19.050000    1.5079917718643D-05  2.786D-06
   19.100000    1.4844643958768D-05  2.742D-06
   19.150000    1.4613641257492D-05  2.700D-06
   19.200000    1.4386821238759D-05  2.658D-06
   19.250000    1.4164097579895D-05  2.617D-06
   19.300000    1.3945385959407D-05  2.576D-06
   19.350000    1.3730603998810D-05  2.537D-06
   19.400000    1.3519671220867D-05  2.498D-06
   19.450000    1.3312508995895D-05  2.459D-06
   19.500000    1.3109040497012D-05  2.422D-06
   19.550000    1.2909190652410D-05  2.385D-06
   19.600000    1.2712886106576D-05  2.349D-06
   19.650000    1.2520055166578D-05  2.313D-06
   19.700000    1.2330627770755D-05  2.278D-06
   19.750000    1.2144535440973D-05  2.244D-06
   19.800000    1.1961711243838D-05  2.210D-06
   19.850000    1.1782089757888D-05  2.177D-06
   19.900000    1.1605607024347D-05  2.144D-06
   19.950000    1.1432200524766D-05  2.112D-06
   20.000000    1.1261809133268D-05  2.081D-06
   20.050000    1.1094373088210D-05  2.050D-06
   20.100000    1.0929833956374D-05  2.019D-06
   20.150000    1.0768134603136D-05  1.989D-06
   20.200000    1.0609219153660D-05  1.960D-06
   20.250000    1.0453032976510D-05  1.931D-06
   20.300000    1.0299522631402D-05  1.903D-06
   20.350000    1.0148635861768D-05  1.875D-06
   20.400000    1.0000321548481D-05  1.848D-06
   20.450000    9.8545296964503D-06  1.821D-06
   20.500000    9.7112113958036D-06  1.794D-06
   20.550000    9.5703188069868D-06  1.768D-06
   20.600000    9.4318051219491D-06  1.743D-06
   20.650000    9.2956245507290D-06  1.717D-06
   20.700000    9.1617322916035D-06  1.693D-06
   20.750000    9.0300845072128D-06  1.668D-06
   20.800000    8.9006383036718D-06  1.644D-06
   20.850000    8.7733517066929D-06  1.621D-06
   20.900000    8.6481836392007D-06  1.598D-06
   20.950000    8.5250939034297D-06  1.575D-06
   21.000000    8.4040431555487D-06  1.553D-06
   21.050000    8.2849928877565D-06  1.531D-06
   21.100000    8.1679054073871D-06  1.509D-06
   21.150000    8.0527438219915D-06  1.488D-06
   21.200000    7.9394720154533D-06  1.467D-06
   21.250000    7.8280546300807D-06  1.446D-06
   21.300000    7.7184570546733D-06  1.426D-06
   21.350000    7.6106453976479D-06  1.406D-06
   21.400000    7.5045864810804D-06  1.387D-06
   21.450000    7.4002478153245D-06  1.367D-06
   21.500000    7.2975975885698D-06  1.348D-06
   21.550000    7.1966046489296D-06  1.330D-06
   21.600000    7.0972384895158D-06  1.311D-06
   21.650000    6.9994692305251D-06  1.293D-06
   21.700000    6.9032676132780D-06  1.275D-06
   21.750000    6.8086049793152D-06  1.258D-06
   21.800000    6.7154532554710D-06  1.241D-06
   21.850000    6.6237849449216D-06  1.224D-06
   21.900000    6.5335731152460D-06  1.207D-06
   21.950000    6.4447913775200D-06  1.191D-06
   22.000000    6.3574138848353D-06  1.175D-06
   22.050000    6.2714153098986D-06  1.159D-06
   22.100000    6.1867708420552D-06  1.143D-06
   22.150000    6.1034561678763D-06  1.128D-06
   22.200000    6.0214474681814D-06  1.113D-06
   22.250000    5.9407214001187D-06  1.098D-06
   22.300000    5.8612550882108D-06  1.083D-06
   22.350000    5.7830261168933D-06  1.068D-06
   22.400000    5.7060125185708D-06  1.054D-06
   22.450000    5.6301927616733D-06  1.040D-06
   22.500000    5.5555457431937D-06  1.026D-06
   22.550000    5.4820507797317D-06  1.013D-06
   22.600000    5.4096875970428D-06  9.995D-07
   22.650000    5.3384363240694D-06  9.863D-07
   22.700000    5.2682774720305D-06  9.734D-07
   22.750000    5.1991919463824D-06  9.606D-07
   22.800000    5.1311610199305D-06  9.480D-07
   22.850000    5.0641663373196D-06  9.357D-07
   22.900000    4.9981899000980D-06  9.235D-07
   22.950000    4.9332140592539D-06  9.115D-07
   23.000000    4.8692215092446D-06  8.996D-07
   23.050000    4.8061952835202D-06  8.880D-07
   23.100000    4.7441187410819D-06  8.765D-07
   23.150000    4.6829755634994D-06  8.652D-07
   23.200000    4.6227497474457D-06  8.541D-07
   23.250000    4.5634255972311D-06  8.431D-07
   23.300000    4.5049877188320D-06  8.324D-07
   23.350000    4.4474210124251D-06  8.217D-07
   23.400000    4.3907106694036D-06  8.112D-07
   23.450000    4.3348421604286D-06  8.009D-07
   23.500000    4.2798012354335D-06  7.907D-07
   23.550000    4.2255739131692D-06  7.807D-07
   23.600000    4.1721464797145D-06  7.709D-07
   23.650000    4.1195054795143D-06  7.611D-07
   23.700000    4.0676377109018D-06  7.516D-07
   23.750000    4.0165302201251D-06  7.421D-07
   23.800000    3.9661702983630D-06  7.328D-07
   23.850000    3.9165454772456D-06  7.236D-07
   23.900000    3.8676435169047D-06  7.146D-07
   23.950000    3.8194524104593D-06  7.057D-07
   24.000000    3.7719603735601D-06  6.969D-07
   24.050000    3.7251558399097D-06  6.883D-07
   24.100000    3.6790274612656D-06  6.798D-07
   24.150000    3.6335640954902D-06  6.714D-07
   24.200000    3.5887548095414D-06  6.631D-07
   24.250000    3.5445888705106D-06  6.549D-07
   24.300000    3.5010557456256D-06  6.469D-07
   24.350000    3.4581450932875D-06  6.389D-07
   24.400000    3.4158467630736D-06  6.311D-07
   24.450000    3.3741507882690D-06  6.234D-07
   24.500000    3.3330473858687D-06  6.158D-07
   24.550000    3.2925269520975D-06  6.083D-07
   24.600000    3.2525800579294D-06  6.010D-07
   24.650000    3.2131974431135D-06  5.937D-07
   24.700000    3.1743700161755D-06  5.865D-07
   24.750000    3.1360888529258D-06  5.794D-07
   24.800000    3.0983451845082D-06  5.725D-07
   24.850000    3.0611304078605D-06  5.656D-07
   24.900000    3.0244360662924D-06  5.588D-07
   24.950000    2.9882538614406D-06  5.521D-07
   25.000000    2.9525756398228D-06  5.455D-07
   25.050000    2.9173933943336D-06  5.390D-07
   25.100000    2.8826992627519D-06  5.326D-07
   25.150000    2.8484855187772D-06  5.263D-07
   25.200000    2.8147445780083D-06  5.201D-07
   25.250000    2.7814689874848D-06  5.139D-07
   25.300000    2.7486514271833D-06  5.079D-07
   25.350000    2.7162847055359D-06  5.019D-07
   25.400000    2.6843617549488D-06  4.960D-07
   25.450000    2.6528756422636D-06  4.902D-07
   25.500000    2.6218195463451D-06  4.844D-07
   25.550000    2.5911867685417D-06  4.788D-07
   25.600000    2.5609707282049D-06  4.732D-07
   25.650000    2.5311649567124D-06  4.677D-07
   25.700000    2.5017631019532D-06  4.622D-07
   25.750000    2.4727589208564D-06  4.569D-07
   25.800000    2.4441462764049D-06  4.516D-07
   25.850000    2.4159191406241D-06  4.464D-07
   25.900000    2.3880715901007D-06  4.412D-07
   25.950000    2.3605978015009D-06  4.362D-07
   26.000000    2.3334920530656D-06  4.312D-07
   26.050000    2.3067487201285D-06  4.262D-07
   26.100000    2.2803622766115D-06  4.213D-07
   26.150000    2.2543272905429D-06  4.165D-07
   26.200000    2.2286384195753D-06  4.118D-07
   26.250000    2.2032904184579D-06  4.071D-07
   26.300000    2.1782781255887D-06  4.025D-07
   26.350000    2.1535964704874D-06  3.979D-07
   26.400000    2.1292404678183D-06  3.934D-07
   26.450000    2.1052052144029D-06  3.890D-07
   26.500000    2.0814858951978D-06  3.846D-07
   26.550000    2.0580777698471D-06  3.803D-07
   26.600000    2.0349761831425D-06  3.760D-07
   26.650000    2.0121765560591D-06  3.718D-07
   26.700000    1.9896743857555D-06  3.676D-07
   26.750000    1.9674652455746D-06  3.635D-07
   26.800000    1.9455447820560D-06  3.595D-07
   26.850000    1.9239087164304D-06  3.555D-07
   26.900000    1.9025528371493D-06  3.515D-07
   26.950000    1.8814730088510D-06  3.476D-07
   27.000000    1.8606651574184D-06  3.438D-07
   27.050000    1.8401252834281D-06  3.400D-07
   27.100000    1.8198494472081D-06  3.363D-07
   27.150000    1.7998337778044D-06  3.326D-07
   27.200000    1.7800744670036D-06  3.289D-07
   27.250000    1.7605677693343D-06  3.253D-07
   27.300000    1.7413100005725D-06  3.217D-07
   27.350000    1.7222975377428D-06  3.182D-07
   27.400000    1.7035268161296D-06  3.148D-07
   27.450000    1.6849943292783D-06  3.113D-07
   27.500000    1.6666966260064D-06  3.080D-07
   27.550000    1.6486303163816D-06  3.046D-07
   27.600000    1.6307920597677D-06  3.013D-07
   27.650000    1.6131785737909D-06  2.981D-07
   27.700000    1.5957866268685D-06  2.949D-07
   27.750000    1.5786130397039D-06  2.917D-07
   27.800000    1.5616546852864D-06  2.885D-07
   27.850000    1.5449084859038D-06  2.855D-07
   27.900000    1.5283714146364D-06  2.824D-07
   27.950000    1.5120404923689D-06  2.794D-07
   28.000000    1.4959127862967D-06  2.764D-07
   28.050000    1.4799854114201D-06  2.735D-07
   28.100000    1.4642555305452D-06  2.706D-07
   28.150000    1.4487203498006D-06  2.677D-07
   28.200000    1.4333771171439D-06  2.648D-07
   28.250000    1.4182231298336D-06  2.620D-07
   28.300000    1.4032557239686D-06  2.593D-07
   28.350000    1.3884722789723D-06  2.566D-07
   28.400000    1.3738702160978D-06  2.539D-07
   28.450000    1.3594469939457D-06  2.512D-07
   28.500000    1.3452001174300D-06  2.486D-07
   28.550000    1.3311271228354D-06  2.460D-07
   28.600000    1.3172255927605D-06  2.434D-07
   28.650000    1.3034931411752D-06  2.409D-07
   28.700000    1.2899274223863D-06  2.383D-07
   28.750000    1.2765261280497D-06  2.359D-07
   28.800000    1.2632869826874D-06  2.334D-07
   28.850000    1.2502077496648D-06  2.310D-07
   28.900000    1.2372862252141D-06  2.286D-07
   28.950000    1.2245202399283D-06  2.263D-07
   29.000000    1.2119076557732D-06  2.239D-07
   29.050000    1.1994463720648D-06  2.216D-07
   29.100000    1.1871343179975D-06  2.194D-07
   29.150000    1.1749694526449D-06  2.171D-07
   29.200000    1.1629497709369D-06  2.149D-07
   29.250000    1.1510732946938D-06  2.127D-07
   29.300000    1.1393380771099D-06  2.105D-07
   29.350000    1.1277422012591D-06  2.084D-07
   29.400000    1.1162837800949D-06  2.063D-07
   29.450000    1.1049609564509D-06  2.042D-07
   29.500000    1.0937718955691D-06  2.021D-07
   29.550000    1.0827147970547D-06  2.001D-07
   29.600000    1.0717878859103D-06  1.980D-07
   29.650000    1.0609894110420D-06  1.960D-07
   29.700000    1.0503176527305D-06  1.941D-07
   29.750000    1.0397709121718D-06  1.921D-07
   29.800000    1.0293475189482D-06  1.902D-07
   29.850000    1.0190458280404D-06  1.883D-07
   29.900000    1.0088642168385D-06  1.864D-07
   29.950000    9.9880108962549D-07  1.846D-07
   30.000000    9.8885487309400D-07  1.827D-07
   30.050000    9.7902401634681D-07  1.809D-07
   30.100000    9.6930699537967D-07  1.791D-07
   30.150000    9.5970230262131D-07  1.773D-07
   30.200000    9.5020846038232D-07  1.756D-07
   30.250000    9.4082400591216D-07  1.738D-07
   30.300000    9.3154750185942D-07  1.721D-07
   30.350000    9.2237753328333D-07  1.704D-07
   30.400000    9.1331270167659D-07  1.688D-07
   30.450000    9.0435163393131D-07  1.671D-07
   30.500000    8.9549297337330D-07  1.655D-07
   30.550000    8.8673538424502D-07  1.638D-07
   30.600000    8.7807755320003D-07  1.622D-07
   30.650000    8.6951818033719D-07  1.607D-07
   30.700000    8.6105599115521D-07  1.591D-07
   30.750000    8.5268972459831D-07  1.576D-07
   30.800000    8.4441814202207D-07  1.560D-07
   30.850000    8.3624001822773D-07  1.545D-07
   30.900000    8.2815415042808D-07  1.530D-07
   30.950000    8.2015935077598D-07  1.515D-07
   31.000000    8.1225444785878D-07  1.501D-07
   31.050000    8.0443828968696D-07  1.486D-07
   31.100000    7.9670973921130D-07  1.472D-07
   31.150000    7.8906767432295D-07  1.458D-07
   31.200000    7.8151099233640D-07  1.444D-07
   31.250000    7.7403860550661D-07  1.430D-07
   31.300000    7.6664943953482D-07  1.417D-07
   31.350000    7.5934243655715D-07  1.403D-07
   31.400000    7.5211655663901D-07  1.390D-07
   31.450000    7.4497076880931D-07  1.377D-07
   31.500000    7.3790406152065D-07  1.363D-07
   31.550000    7.3091543667217D-07  1.351D-07
   31.600000    7.2400390960957D-07  1.338D-07
   31.650000    7.1716850912517D-07  1.325D-07
   31.700000    7.1040827895230D-07  1.313D-07
   31.750000    7.0372227627099D-07  1.300D-07
   31.800000    6.9710957021377D-07  1.288D-07
   31.850000    6.9056924485425D-07  1.276D-07
   31.900000    6.8410039621865D-07  1.264D-07
   31.950000    6.7770213079144D-07  1.252D-07
   32.000000    6.7137357448132D-07  1.241D-07
   32.050000    6.6511385618377D-07  1.229D-07
   32.100000    6.5892212272427D-07  1.218D-07
   32.150000    6.5279753138676D-07  1.206D-07
   32.200000    6.4673925290230D-07  1.195D-07
   32.250000    6.4074646547184D-07  1.184D-07
   32.300000    6.3481836223785D-07  1.173D-07
   32.350000    6.2895414829574D-07  1.162D-07
   32.400000    6.2315303621090D-07  1.151D-07
   32.450000    6.1741425050176D-07  1.141D-07
   32.500000    6.1173702913407D-07  1.130D-07
   32.550000    6.0612061754368D-07  1.120D-07
   32.600000    6.0056427162524D-07  1.110D-07
   32.650000    5.9506726072087D-07  1.100D-07
   32.700000    5.8962885865422D-07  1.089D-07
   32.750000    5.8424835419080D-07  1.080D-07
   32.800000    5.7892504356638D-07  1.070D-07
   32.850000    5.7365823347568D-07  1.060D-07
   32.900000    5.6844723957804D-07  1.050D-07
   32.950000    5.6329138500319D-07  1.041D-07
   33.000000    5.5819000782281D-07  1.031D-07
   33.050000    5.5314244760173D-07  1.022D-07
   33.100000    5.4814805735249D-07  1.013D-07
   33.150000    5.4320619905242D-07  1.004D-07
   33.200000    5.3831624065500D-07  9.947D-08
   33.250000    5.3347756206720D-07  9.857D-08
   33.300000    5.2868954917219D-07  9.769D-08
   33.350000    5.2395159382940D-07  9.681D-08
   33.400000    5.1926310284042D-07  9.595D-08
   33.450000    5.1462348450018D-07  9.509D-08
   33.500000    5.1003215756288D-07  9.424D-08
   33.550000    5.0548854974767D-07  9.340D-08
   33.600000    5.0099209475006D-07  9.257D-08
   33.650000    4.9654223224194D-07  9.175D-08
   33.700000    4.9213841235452D-07  9.094D-08
   33.750000    4.8778009268978D-07  9.013D-08
   33.800000    4.8346673682611D-07  8.933D-08
   33.850000    4.7919781282400D-07  8.854D-08
   33.900000    4.7497280069772D-07  8.776D-08
   33.950000    4.7079118344938D-07  8.699D-08
   34.000000    4.6665245454053D-07  8.623D-08
   34.050000    4.6255611042062D-07  8.547D-08
   34.100000    4.5850165500994D-07  8.472D-08
   34.150000    4.5448860119396D-07  8.398D-08
   34.200000    4.5051646634043D-07  8.325D-08
   34.250000    4.4658477379365D-07  8.252D-08
   34.300000    4.4269305287452D-07  8.180D-08
   34.350000    4.3884084037488D-07  8.109D-08
   34.400000    4.3502768055753D-07  8.038D-08
   34.450000    4.3125311768460D-07  7.969D-08
   34.500000    4.2751670946649D-07  7.900D-08
   34.550000    4.2381801510730D-07  7.831D-08
   34.600000    4.2015659829351D-07  7.764D-08
   34.650000    4.1653203167690D-07  7.697D-08
   34.700000    4.1294389239167D-07  7.630D-08
   34.750000    4.0939176205439D-07  7.565D-08
   34.800000    4.0587522825838D-07  7.500D-08
   34.850000    4.0239388307938D-07  7.435D-08
   34.900000    3.9894732606418D-07  7.372D-08
   34.950000    3.9553515974774D-07  7.309D-08
   35.000000    3.9215699413608D-07  7.246D-08
   35.050000    3.8881243923473D-07  7.184D-08
   35.100000    3.8550111700331D-07  7.123D-08
   35.150000    3.8222264790664D-07  7.063D-08
   35.200000    3.7897666137500D-07  7.003D-08
   35.250000    3.7576278833252D-07  6.943D-08
   35.300000    3.7258066866885D-07  6.884D-08
   35.350000    3.6942994376750D-07  6.826D-08
   35.400000    3.6631025949449D-07  6.769D-08
   35.450000    3.6322126619843D-07  6.712D-08
   35.500000    3.6016262169911D-07  6.655D-08
   35.550000    3.5713398232158D-07  6.599D-08
   35.600000    3.5413501485076D-07  6.544D-08
   35.650000    3.5116538756552D-07  6.489D-08
   35.700000    3.4822477023864D-07  6.434D-08
   35.750000    3.4531284160849D-07  6.381D-08
   35.800000    3.4242928190740D-07  6.327D-08
   35.850000    3.3957377585028D-07  6.275D-08
   35.900000    3.3674601114037D-07  6.222D-08
   35.950000    3.3394568145784D-07  6.171D-08
   36.000000    3.3117248197684D-07  6.119D-08
   36.050000    3.2842611384852D-07  6.069D-08
   36.100000    3.2570627822365D-07  6.018D-08
   36.150000    3.2301268521868D-07  5.969D-08
   36.200000    3.2034504494971D-07  5.919D-08
   36.250000    3.1770307350986D-07  5.870D-08
   36.300000    3.1508648549760D-07  5.822D-08
   36.350000    3.1249500597140D-07  5.774D-08
   36.400000    3.0992835700077D-07  5.727D-08
   36.450000    3.0738626962091D-07  5.680D-08
   36.500000    3.0486847486673D-07  5.633D-08
   36.550000    3.0237470825585D-07  5.587D-08
   36.600000    2.9990470679994D-07  5.542D-08
   36.650000    2.9745821199340D-07  5.496D-08
   36.700000    2.9503496981333D-07  5.452D-08
   36.750000    2.9263472623659D-07  5.407D-08
   36.800000    2.9025723471144D-07  5.363D-08
   36.850000    2.8790224719154D-07  5.320D-08
   36.900000    2.8556952160764D-07  5.277D-08
   36.950000    2.8325881589024D-07  5.234D-08
   37.000000    2.8096989544128D-07  5.192D-08
   37.050000    2.7870252267377D-07  5.150D-08
   37.100000    2.7645646896652D-07  5.108D-08
   37.150000    2.7423150569807D-07  5.067D-08
   37.200000    2.7202740424679D-07  5.026D-08
   37.250000    2.6984394346245D-07  4.986D-08
   37.300000    2.6768090070030D-07  4.946D-08
   37.350000    2.6553806078705D-07  4.907D-08
   37.400000    2.6341520556052D-07  4.867D-08
   37.450000    2.6131212582434D-07  4.828D-08
   37.500000    2.5922860789893D-07  4.790D-08
   37.550000    2.5716444408187D-07  4.752D-08
   37.600000    2.5511943264787D-07  4.714D-08
   37.650000    2.5309336738846D-07  4.677D-08
   37.700000    2.5108604956665D-07  4.640D-08
   37.750000    2.4909728044527D-07  4.603D-08
   37.800000    2.4712686576997D-07  4.566D-08
   37.850000    2.4517460979191D-07  4.530D-08
   37.900000    2.4324032423375D-07  4.495D-08
   37.950000    2.4132381932362D-07  4.459D-08
   38.000000    2.3942490678386D-07  4.424D-08
   38.050000    2.3754340431396D-07  4.389D-08
   38.100000    2.3567912961326D-07  4.355D-08
   38.150000    2.3383190038096D-07  4.321D-08
   38.200000    2.3200154178775D-07  4.287D-08
   38.250000    2.3018787750987D-07  4.253D-08
   38.300000    2.2839073122340D-07  4.220D-08
   38.350000    2.2660993407594D-07  4.187D-08
   38.400000    2.2484531422630D-07  4.155D-08
   38.450000    2.2309670581048D-07  4.122D-08
   38.500000    2.2136394147002D-07  4.090D-08
   38.550000    2.1964685832931D-07  4.059D-08
   38.600000    2.1794529351264D-07  4.027D-08
   38.650000    2.1625908862715D-07  3.996D-08
   38.700000    2.1458808378554D-07  3.965D-08
   38.750000    2.1293212208905D-07  3.935D-08
   38.800000    2.1129105112181D-07  3.904D-08
   38.850000    2.0966471547914D-07  3.874D-08
   38.900000    2.0805296722795D-07  3.844D-08
   38.950000    2.0645565395202D-07  3.815D-08
   39.000000    2.0487262921234D-07  3.786D-08
   39.050000    2.0330374955849D-07  3.757D-08
   39.100000    2.0174886705693D-07  3.728D-08
   39.150000    2.0020783975133D-07  3.699D-08
   39.200000    1.9868052867397D-07  3.671D-08
   39.250000    1.9716679336265D-07  3.643D-08
   39.300000    1.9566649634378D-07  3.616D-08
   39.350000    1.9417950163798D-07  3.588D-08
   39.400000    1.9270567326578D-07  3.561D-08
   39.450000    1.9124487973063D-07  3.534D-08
   39.500000    1.8979698953589D-07  3.507D-08
   39.550000    1.8836187118481D-07  3.481D-08
   39.600000    1.8693939616924D-07  3.454D-08
   39.650000    1.8552943896962D-07  3.428D-08
   39.700000    1.8413187257194D-07  3.402D-08
   39.750000    1.8274657295081D-07  3.377D-08
   39.800000    1.8137341757507D-07  3.351D-08
   39.850000    1.8001228391349D-07  3.326D-08
   39.900000    1.7866305242342D-07  3.301D-08
   39.950000    1.7732560505649D-07  3.277D-08
   40.000000    1.7599982376424D-07  3.252D-08
   40.050000    1.7468559199247D-07  3.228D-08
   40.100000    1.7338279617557D-07  3.204D-08
   40.150000    1.7209131975920D-07  3.180D-08
   40.200000    1.7081105366063D-07  3.156D-08
   40.250000    1.6954188580837D-07  3.133D-08
   40.300000    1.6828370711956D-07  3.110D-08
   40.350000    1.6703640402822D-07  3.086D-08
   40.400000    1.6579987641739D-07  3.064D-08
   40.450000    1.6457401370965D-07  3.041D-08
   40.500000    1.6335871429356D-07  3.019D-08
   40.550000    1.6215387058022D-07  2.996D-08
   40.600000    1.6095938245242D-07  2.974D-08
   40.650000    1.5977514530983D-07  2.952D-08
   40.700000    1.5860106202376D-07  2.931D-08
   40.750000    1.5743703247681D-07  2.909D-08
   40.800000    1.5628295804581D-07  2.888D-08
   40.850000    1.5513874010758D-07  2.867D-08
   40.900000    1.5400428452187D-07  2.846D-08
   40.950000    1.5287949415970D-07  2.825D-08
   41.000000    1.5176427786942D-07  2.804D-08
   41.050000    1.5065854001626D-07  2.784D-08
   41.100000    1.4956219094281D-07  2.764D-08
   41.150000    1.4847513800287D-07  2.744D-08
   41.200000    1.4739729004457D-07  2.724D-08
   41.250000    1.4632856189334D-07  2.704D-08
   41.300000    1.4526886239720D-07  2.684D-08
   41.350000    1.4421810488712D-07  2.665D-08
   41.400000    1.4317620418840D-07  2.646D-08
   41.450000    1.4214307512627D-07  2.627D-08
   41.500000    1.4111863252591D-07  2.608D-08
   41.550000    1.4010279270680D-07  2.589D-08
   41.600000    1.3909547497707D-07  2.570D-08
   41.650000    1.3809659565610D-07  2.552D-08
   41.700000    1.3710607554627D-07  2.533D-08
   41.750000    1.3612383544991D-07  2.515D-08
   41.800000    1.3514979318061D-07  2.497D-08
   41.850000    1.3418387402366D-07  2.479D-08
   41.900000    1.3322599878125D-07  2.462D-08
   41.950000    1.3227609124422D-07  2.444D-08
   42.000000    1.3133407669774D-07  2.427D-08
   42.050000    1.3039987893257D-07  2.410D-08
   42.100000    1.2947342472813D-07  2.392D-08
   42.150000    1.2855463936944D-07  2.375D-08
   42.200000    1.2764345411888D-07  2.359D-08
   42.250000    1.2673979276706D-07  2.342D-08
   42.300000    1.2584358807063D-07  2.325D-08
   42.350000    1.2495476680881D-07  2.309D-08
   42.400000    1.2407326173817D-07  2.293D-08
   42.450000    1.2319900262657D-07  2.276D-08
   42.500000    1.2233192223049D-07  2.260D-08
   42.550000    1.2147195181207D-07  2.245D-08
   42.600000    1.2061902861078D-07  2.229D-08
   42.650000    1.1977308239432D-07  2.213D-08
   42.700000    1.1893405040209D-07  2.198D-08
   42.750000    1.1810186688479D-07  2.182D-08
   42.800000    1.1727647057610D-07  2.167D-08
   42.850000    1.1645779423229D-07  2.152D-08
   42.900000    1.1564577957568D-07  2.137D-08
   42.950000    1.1484036085682D-07  2.122D-08
   43.000000    1.1404147979799D-07  2.107D-08
   43.050000    1.1324907513271D-07  2.093D-08
   43.100000    1.1246308559449D-07  2.078D-08
   43.150000    1.1168345439986D-07  2.064D-08
   43.200000    1.1091012028226D-07  2.049D-08
   43.250000    1.1014302645817D-07  2.035D-08
   43.300000    1.0938211464966D-07  2.021D-08
   43.350000    1.0862732956751D-07  2.007D-08
   43.400000    1.0787861293376D-07  1.993D-08
   43.450000    1.0713591095344D-07  1.980D-08
   43.500000    1.0639916684291D-07  1.966D-08
   43.550000    1.0566832680716D-07  1.953D-08
   43.600000    1.0494333705118D-07  1.939D-08
   43.650000    1.0422414377991D-07  1.926D-08
   43.700000    1.0351069319830D-07  1.913D-08
   43.750000    1.0280293449995D-07  1.900D-08
   43.800000    1.0210081538408D-07  1.887D-08
   43.850000    1.0140428504426D-07  1.874D-08
   43.900000    1.0071329117968D-07  1.861D-08
   43.950000    1.0002778447819D-07  1.848D-08
   44.000000    9.9347715627638D-08  1.836D-08
   44.050000    9.8673035315844D-08  1.823D-08
   44.100000    9.8003694230605D-08  1.811D-08
   44.150000    9.7339643059698D-08  1.799D-08
   44.200000    9.6680836973924D-08  1.786D-08
   44.250000    9.6027225166673D-08  1.774D-08
   44.300000    9.5378764303054D-08  1.762D-08
   44.350000    9.4735406565115D-08  1.751D-08
   44.400000    9.4097105629232D-08  1.739D-08
   44.450000    9.3463815171760D-08  1.727D-08
   44.500000    9.2835493352084D-08  1.715D-08
   44.550000    9.2212093846523D-08  1.704D-08
   44.600000    9.1593571825730D-08  1.692D-08
   44.650000    9.0979885449034D-08  1.681D-08
   44.700000    9.0370989887052D-08  1.670D-08
   44.750000    8.9766844793427D-08  1.659D-08
   44.800000    8.9167405338743D-08  1.648D-08
   44.850000    8.8572631176611D-08  1.637D-08
   44.900000    8.7982478971929D-08  1.626D-08
   44.950000    8.7396911366974D-08  1.615D-08
   45.000000    8.6815883532264D-08  1.604D-08
   45.050000    8.6239358110046D-08  1.594D-08
   45.100000    8.5667294753851D-08  1.583D-08
   45.150000    8.5099653117198D-08  1.572D-08
   45.200000    8.4536395842289D-08  1.562D-08
   45.250000    8.3977482582613D-08  1.552D-08
   45.300000    8.3422878969040D-08  1.541D-08
   45.350000    8.2872540171984D-08  1.531D-08
   45.400000    8.2326431822289D-08  1.521D-08
   45.450000    8.1784518056433D-08  1.511D-08
   45.500000    8.1246761516534D-08  1.501D-08
   45.550000    8.0713126339047D-08  1.491D-08
   45.600000    8.0183575166062D-08  1.482D-08
   45.650000    7.9658072134009D-08  1.472D-08
   45.700000    7.9136584367999D-08  1.462D-08
   45.750000    7.8619074510087D-08  1.453D-08
   45.800000    7.8105508191014D-08  1.443D-08
   45.850000    7.7595851041506D-08  1.434D-08
   45.900000    7.7090070186630D-08  1.424D-08
   45.950000    7.6588131257089D-08  1.415D-08
   46.000000    7.6090001377926D-08  1.406D-08
   46.050000    7.5595647674173D-08  1.397D-08
   46.100000    7.5105035776500D-08  1.388D-08
   46.150000    7.4618135798615D-08  1.379D-08
   46.200000    7.4134913371167D-08  1.370D-08
   46.250000    7.3655338607842D-08  1.361D-08
   46.300000    7.3179378633617D-08  1.352D-08
   46.350000    7.2707003562160D-08  1.343D-08
   46.400000    7.2238182012776D-08  1.335D-08
   46.450000    7.1772884099111D-08  1.326D-08
   46.500000    7.1311078440451D-08  1.318D-08
   46.550000    7.0852735150425D-08  1.309D-08
   46.600000    7.0397825836997D-08  1.301D-08
   46.650000    6.9946320613777D-08  1.292D-08
   46.700000    6.9498189594362D-08  1.284D-08
   46.750000    6.9053404386692D-08  1.276D-08
   46.800000    6.8611936598696D-08  1.268D-08
   46.850000    6.8173759332647D-08  1.260D-08
   46.900000    6.7738841207757D-08  1.252D-08
   46.950000    6.7307158314980D-08  1.244D-08
   47.000000    6.6878680767862D-08  1.236D-08
   47.050000    6.6453383162991D-08  1.228D-08
   47.100000    6.6031237108246D-08  1.220D-08
   47.150000    6.5612215705847D-08  1.212D-08
   47.200000    6.5196293552359D-08  1.205D-08
   47.250000    6.4783443749987D-08  1.197D-08
   47.300000    6.4373640895279D-08  1.189D-08
   47.350000    6.3966859584775D-08  1.182D-08
   47.400000    6.3563074415008D-08  1.175D-08
   47.450000    6.3162259982505D-08  1.167D-08
   47.500000    6.2764389389432D-08  1.160D-08
   47.550000    6.2369441715353D-08  1.152D-08
   47.600000    6.1977388568070D-08  1.145D-08
   47.650000    6.1588209027132D-08  1.138D-08
   47.700000    6.1201877689029D-08  1.131D-08
   47.750000    6.0818369150246D-08  1.124D-08
   47.800000    6.0437662490310D-08  1.117D-08
   47.850000    6.0059733800042D-08  1.110D-08
   47.900000    5.9684557675906D-08  1.103D-08
   47.950000    5.9312114691763D-08  1.096D-08
   48.000000    5.8942379444064D-08  1.089D-08
   48.050000    5.8575329517954D-08  1.082D-08
   48.100000    5.8210945487276D-08  1.076D-08
   48.150000    5.7849201948462D-08  1.069D-08
   48.200000    5.7490077980992D-08  1.062D-08
   48.250000    5.7133552664338D-08  1.056D-08
   48.300000    5.6779605077970D-08  1.049D-08
   48.350000    5.6428212806997D-08  1.043D-08
   48.400000    5.6079353436526D-08  1.036D-08
   48.450000    5.5733009034710D-08  1.030D-08
   48.500000    5.5389158680994D-08  1.023D-08
   48.550000    5.5047778466116D-08  1.017D-08
   48.600000    5.4708851952566D-08  1.011D-08
   48.650000    5.4372356725421D-08  1.005D-08
   48.700000    5.4038273358458D-08  9.985D-09
   48.750000    5.3706583919799D-08  9.924D-09
   48.800000    5.3377265994507D-08  9.863D-09
   48.850000    5.3050301650695D-08  9.803D-09
   48.900000    5.2725671462119D-08  9.743D-09
   48.950000    5.2403357496883D-08  9.683D-09
   49.000000    5.2083338834381D-08  9.624D-09
   49.050000    5.1765599037060D-08  9.565D-09
   49.100000    5.1450117184304D-08  9.507D-09
   49.150000    5.1136876838551D-08  9.449D-09
   49.200000    5.0825858573529D-08  9.392D-09
   49.250000    5.0517044457313D-08  9.335D-09
   49.300000    5.0210418052329D-08  9.278D-09
   49.350000    4.9905961426642D-08  9.222D-09
   49.400000    4.9603655153965D-08  9.166D-09
   49.450000    4.9303484291059D-08  9.110D-09
   49.500000    4.9005429411629D-08  9.055D-09
   49.550000    4.8709475572430D-08  9.001D-09
   49.600000    4.8415604841507D-08  8.946D-09
   49.650000    4.8123799286904D-08  8.892D-09
   49.700000    4.7834043965366D-08  8.839D-09
   49.750000    4.7546322439278D-08  8.786D-09
   49.800000    4.7260618271024D-08  8.733D-09
   49.850000    4.6976915022986D-08  8.680D-09
   49.900000    4.6695196257538D-08  8.628D-09
   49.950000    4.6415445537055D-08  8.577D-09
   50.000000    4.6137649412608D-08  8.525D-09
   50.050000    4.5861791446566D-08  8.474D-09
   50.100000    4.5587855201289D-08  8.424D-09
   50.150000    4.5315825733488D-08  8.373D-09
   50.200000    4.5045688099872D-08  8.324D-09
   50.250000    4.4777427357146D-08  8.274D-09
   50.300000    4.4511028562010D-08  8.225D-09
   50.350000    4.4246478265515D-08  8.176D-09
   50.400000    4.3983758535651D-08  8.127D-09
   50.450000    4.3722858912168D-08  8.079D-09
   50.500000    4.3463761463048D-08  8.031D-09
   50.550000    4.3206454233684D-08  7.984D-09
   50.600000    4.2950922280757D-08  7.936D-09
   50.650000    4.2697152155300D-08  7.890D-09
   50.700000    4.2445128913990D-08  7.843D-09
   50.750000    4.2194840602207D-08  7.797D-09
   50.800000    4.1946267793561D-08  7.751D-09
   50.850000    4.1699406005193D-08  7.705D-09
   50.900000    4.1454237305060D-08  7.660D-09
   50.950000    4.1210748244180D-08  7.615D-09
   51.000000    4.0968925373564D-08  7.570D-09
   51.050000    4.0728758232929D-08  7.526D-09
   51.100000    4.0490230384576D-08  7.482D-09
   51.150000    4.0253331368216D-08  7.438D-09
   51.200000    4.0018047734852D-08  7.395D-09
   51.250000    3.9784367529837D-08  7.351D-09
   51.300000    3.9552277304168D-08  7.308D-09
   51.350000    3.9321765103192D-08  7.266D-09
   51.400000    3.9092818972257D-08  7.224D-09
   51.450000    3.8865425462351D-08  7.182D-09
   51.500000    3.8639575607523D-08  7.140D-09
   51.550000    3.8415254464404D-08  7.098D-09
   51.600000    3.8192450078330D-08  7.057D-09
   51.650000    3.7971153483344D-08  7.016D-09
   51.700000    3.7751349736068D-08  6.976D-09
   51.750000    3.7533029870541D-08  6.935D-09
   51.800000    3.7316181932090D-08  6.895D-09
   51.850000    3.7100793966040D-08  6.855D-09
   51.900000    3.6886855512067D-08  6.816D-09
   51.950000    3.6674354615493D-08  6.777D-09
   52.000000    3.6463279321638D-08  6.738D-09
   52.050000    3.6253622158878D-08  6.699D-09
   52.100000    3.6045368183822D-08  6.660D-09
   52.150000    3.5838509924843D-08  6.622D-09
   52.200000    3.5633033932899D-08  6.584D-09
   52.250000    3.5428932736360D-08  6.547D-09
   52.300000    3.5226192886181D-08  6.509D-09
   52.350000    3.5024805416372D-08  6.472D-09
   52.400000    3.4824759866593D-08  6.435D-09
   52.450000    3.4626045776498D-08  6.398D-09
   52.500000    3.4428654180094D-08  6.362D-09
   52.550000    3.4232573122680D-08  6.326D-09
   52.600000    3.4037795132613D-08  6.290D-09
   52.650000    3.3844308255188D-08  6.254D-09
   52.700000    3.3652102030051D-08  6.218D-09
   52.750000    3.3461168985556D-08  6.183D-09
   52.800000    3.3271500155700D-08  6.148D-09
   52.850000    3.3083082091415D-08  6.113D-09
   52.900000    3.2895908815406D-08  6.079D-09
   52.950000    3.2709969867308D-08  6.044D-09
   53.000000    3.2525256281115D-08  6.010D-09
   53.050000    3.2341757596460D-08  5.976D-09
   53.100000    3.2159466341686D-08  5.942D-09
   53.150000    3.1978372056425D-08  5.909D-09
   53.200000    3.1798465774661D-08  5.876D-09
   53.250000    3.1619740024733D-08  5.843D-09
   53.300000    3.1442185840622D-08  5.810D-09
   53.350000    3.1265792761955D-08  5.777D-09
   53.400000    3.1090553317064D-08  5.745D-09
   53.450000    3.0916458539927D-08  5.713D-09
   53.500000    3.0743500958875D-08  5.681D-09
   53.550000    3.0571670113529D-08  5.649D-09
   53.600000    3.0400958532216D-08  5.618D-09
   53.650000    3.0231358743262D-08  5.586D-09
   53.700000    3.0062861780640D-08  5.555D-09
   53.750000    2.9895458678318D-08  5.524D-09
   53.800000    2.9729143458973D-08  5.493D-09
   53.850000    2.9563905662219D-08  5.463D-09
   53.900000    2.9399737816375D-08  5.432D-09
   53.950000    2.9236633944114D-08  5.402D-09
   54.000000    2.9074583585047D-08  5.372D-09
   54.050000    2.8913580761843D-08  5.343D-09
   54.100000    2.8753618002819D-08  5.313D-09
   54.150000    2.8594684847579D-08  5.284D-09
   54.200000    2.8436776813146D-08  5.255D-09
   54.250000    2.8279884933478D-08  5.226D-09
   54.300000    2.8124001736885D-08  5.197D-09
   54.350000    2.7969121246031D-08  5.168D-09
   54.400000    2.7815234494871D-08  5.140D-09
   54.450000    2.7662334011713D-08  5.111D-09
   54.500000    2.7510413819218D-08  5.083D-09
   54.550000    2.7359464951336D-08  5.055D-09
   54.600000    2.7209482925081D-08  5.028D-09
   54.650000    2.7060458774403D-08  5.000D-09
   54.700000    2.6912385027603D-08  4.973D-09
   54.750000    2.6765257201694D-08  4.946D-09
   54.800000    2.6619066330619D-08  4.919D-09
   54.850000    2.6473806437035D-08  4.892D-09
   54.900000    2.6329470049238D-08  4.865D-09
   54.950000    2.6186051189883D-08  4.839D-09
   55.000000    2.6043542387264D-08  4.812D-09
   55.050000    2.5901937664034D-08  4.786D-09
   55.100000    2.5761231042841D-08  4.760D-09
   55.150000    2.5621415051980D-08  4.734D-09
   55.200000    2.5482483714098D-08  4.709D-09
   55.250000    2.5344429557488D-08  4.683D-09
   55.300000    2.5207248099151D-08  4.658D-09
   55.350000    2.5070931867377D-08  4.633D-09
   55.400000    2.4935474884810D-08  4.608D-09
   55.450000    2.4800871174094D-08  4.583D-09
   55.500000    2.4667114757873D-08  4.558D-09
   55.550000    2.4534198164433D-08  4.533D-09
   55.600000    2.4402116910770D-08  4.509D-09
   55.650000    2.4270865019525D-08  4.485D-09
   55.700000    2.4140435018983D-08  4.461D-09
   55.750000    2.4010822426137D-08  4.437D-09
   55.800000    2.3882021263626D-08  4.413D-09
   55.850000    2.3754025554087D-08  4.389D-09
   55.900000    2.3626829320157D-08  4.366D-09
   55.950000    2.3500426584471D-08  4.342D-09
   56.000000    2.3374812864021D-08  4.319D-09
   56.050000    2.3249980687085D-08  4.296D-09
   56.100000    2.3125927065007D-08  4.273D-09
   56.150000    2.3002643031711D-08  4.250D-09
   56.200000    2.2880127092893D-08  4.228D-09
   56.250000    2.2758370282477D-08  4.205D-09
   56.300000    2.2637369611802D-08  4.183D-09
   56.350000    2.2517117609144D-08  4.161D-09
   56.400000    2.2397611285844D-08  4.139D-09
   56.450000    2.2278844664530D-08  4.117D-09
   56.500000    2.2160811767831D-08  4.095D-09
   56.550000    2.2043506618375D-08  4.073D-09
   56.600000    2.1926926227499D-08  4.052D-09
   56.650000    2.1811064617829D-08  4.030D-09
   56.700000    2.1695917306349D-08  4.009D-09
   56.750000    2.1581478315682D-08  3.988D-09
   56.800000    2.1467741668453D-08  3.967D-09
   56.850000    2.1354704375997D-08  3.946D-09
   56.900000    2.1242360460938D-08  3.925D-09
   56.950000    2.1130706934609D-08  3.905D-09
   57.000000    2.1019736325278D-08  3.884D-09
   57.050000    2.0909448632988D-08  3.864D-09
   57.100000    2.0799831902939D-08  3.843D-09
   57.150000    2.0690884640817D-08  3.823D-09
   57.200000    2.0582603857954D-08  3.803D-09
   57.250000    2.0474982082614D-08  3.783D-09
   57.300000    2.0368017820482D-08  3.764D-09
   57.350000    2.0261703599823D-08  3.744D-09
   57.400000    2.0156036431963D-08  3.724D-09
   57.450000    2.0051011833878D-08  3.705D-09
   57.500000    1.9946625322539D-08  3.686D-09
   57.550000    1.9842872414918D-08  3.667D-09
   57.600000    1.9739748627988D-08  3.648D-09
   57.650000    1.9637249478719D-08  3.629D-09
   57.700000    1.9535370484082D-08  3.610D-09
   57.750000    1.9434107161047D-08  3.591D-09
   57.800000    1.9333456520939D-08  3.572D-09
   57.850000    1.9233412586373D-08  3.554D-09
   57.900000    1.9133972368672D-08  3.536D-09
   57.950000    1.9035132879161D-08  3.517D-09
   58.000000    1.8936886646096D-08  3.499D-09
   58.050000    1.8839232175156D-08  3.481D-09
   58.100000    1.8742164983308D-08  3.463D-09
   58.150000    1.8645680587519D-08  3.445D-09
   58.200000    1.8549775999112D-08  3.428D-09
   58.250000    1.8454445240694D-08  3.410D-09
   58.300000    1.8359685323589D-08  3.393D-09
   58.350000    1.8265493259117D-08  3.375D-09
   58.400000    1.8171864564242D-08  3.358D-09
   58.450000    1.8078796250285D-08  3.341D-09
   58.500000    1.7986282339853D-08  3.324D-09
   58.550000    1.7894319844265D-08  3.307D-09
   58.600000    1.7802905774841D-08  3.290D-09
   58.650000    1.7712037142899D-08  3.273D-09
   58.700000    1.7621707971045D-08  3.256D-09
   58.750000    1.7531916764953D-08  3.240D-09
   58.800000    1.7442657547229D-08  3.223D-09
   58.850000    1.7353928823545D-08  3.207D-09
   58.900000    1.7265726110862D-08  3.190D-09
   58.950000    1.7178046420498D-08  3.174D-09
   59.000000    1.7090885269411D-08  3.158D-09
   59.050000    1.7004239668918D-08  3.142D-09
   59.100000    1.6918106630333D-08  3.126D-09
   59.150000    1.6832481670617D-08  3.110D-09
   59.200000    1.6747361801083D-08  3.095D-09
   59.250000    1.6662744033046D-08  3.079D-09
   59.300000    1.6578623883465D-08  3.063D-09
   59.350000    1.6494999858008D-08  3.048D-09
   59.400000    1.6411867473634D-08  3.033D-09
   59.450000    1.6329222247299D-08  3.017D-09
   59.500000    1.6247064179028D-08  3.002D-09
   59.550000    1.6165385797066D-08  2.987D-09
   59.600000    1.6084187101438D-08  2.972D-09
   59.650000    1.6003463609098D-08  2.957D-09
   59.700000    1.5923212331358D-08  2.942D-09
   59.750000    1.5843430279531D-08  2.928D-09
   59.800000    1.5764114464927D-08  2.913D-09
   59.850000    1.5685261898857D-08  2.898D-09
   59.900000    1.5606868098275D-08  2.884D-09
   59.950000    1.5528931568848D-08  2.869D-09
   60.000000    1.5451449321886D-08  2.855D-09
   60.050000    1.5374416874342D-08  2.841D-09
   60.100000    1.5297831237525D-08  2.827D-09
   60.150000    1.5221692411458D-08  2.813D-09
   60.200000    1.5145994418737D-08  2.799D-09
   60.250000    1.5070734270670D-08  2.785D-09
   60.300000    1.4995910472922D-08  2.771D-09
   60.350000    1.4921520036802D-08  2.757D-09
   60.400000    1.4847559973617D-08  2.744D-09
   60.450000    1.4774027294675D-08  2.730D-09
   60.500000    1.4700919011284D-08  2.716D-09
   60.550000    1.4628232134750D-08  2.703D-09
   60.600000    1.4555965170737D-08  2.690D-09
   60.650000    1.4484113636195D-08  2.676D-09
   60.700000    1.4412676036788D-08  2.663D-09
   60.750000    1.4341647889464D-08  2.650D-09
   60.800000    1.4271029194243D-08  2.637D-09
   60.850000    1.4200815468075D-08  2.624D-09
   60.900000    1.4131003722265D-08  2.611D-09
   60.950000    1.4061592462474D-08  2.598D-09
   61.000000    1.3992578700008D-08  2.586D-09
   61.050000    1.3923960940528D-08  2.573D-09
   61.100000    1.3855733206626D-08  2.560D-09
   61.150000    1.3787896992677D-08  2.548D-09
   61.200000    1.3720446321270D-08  2.535D-09
   61.250000    1.3653381192424D-08  2.523D-09
   61.300000    1.3586698617442D-08  2.511D-09
   61.350000    1.3520395607628D-08  2.498D-09
   61.400000    1.3454469174285D-08  2.486D-09
   61.450000    1.3388917823074D-08  2.474D-09
   61.500000    1.3323738565297D-08  2.462D-09
   61.550000    1.3258929906614D-08  2.450D-09
   61.600000    1.3194488858327D-08  2.438D-09
   61.650000    1.3130410937383D-08  2.426D-09
   61.700000    1.3066697638153D-08  2.414D-09
   61.750000    1.3003344477584D-08  2.403D-09
   61.800000    1.2940348466976D-08  2.391D-09
   61.850000    1.2877709606346D-08  2.380D-09
   61.900000    1.2815423412638D-08  2.368D-09
   61.950000    1.2753488391509D-08  2.357D-09
   62.000000    1.2691901554263D-08  2.345D-09
   62.050000    1.2630662900912D-08  2.334D-09
   62.100000    1.2569767948401D-08  2.323D-09
   62.150000    1.2509215202387D-08  2.311D-09
   62.200000    1.2449001674172D-08  2.300D-09
   62.250000    1.2389127363768D-08  2.289D-09
   62.300000    1.2329587788120D-08  2.278D-09
   62.350000    1.2270382947241D-08  2.267D-09
   62.400000    1.2211508358073D-08  2.256D-09
   62.450000    1.2152964020631D-08  2.246D-09
   62.500000    1.2094746946214D-08  2.235D-09
   62.550000    1.2036854146121D-08  2.224D-09
   62.600000    1.1979284126008D-08  2.214D-09
   62.650000    1.1922035391532D-08  2.203D-09
   62.700000    1.1865106448347D-08  2.192D-09
   62.750000    1.1808494307754D-08  2.182D-09
   62.800000    1.1752195981049D-08  2.172D-09
   62.850000    1.1696211468247D-08  2.161D-09
   62.900000    1.1640537780644D-08  2.151D-09
   62.950000    1.1585171929540D-08  2.141D-09
   63.000000    1.1530113914946D-08  2.131D-09
   63.050000    1.1475360748160D-08  2.120D-09
   63.100000    1.1420910934836D-08  2.110D-09
   63.150000    1.1366762980630D-08  2.100D-09
   63.200000    1.1312912402481D-08  2.090D-09
   63.250000    1.1259360694759D-08  2.081D-09
   63.300000    1.1206104868760D-08  2.071D-09
   63.350000    1.1153141935781D-08  2.061D-09
   63.400000    1.1100470401476D-08  2.051D-09
   63.450000    1.1048088771499D-08  2.041D-09
   63.500000    1.0995995551504D-08  2.032D-09
   63.550000    1.0944189247145D-08  2.022D-09
   63.600000    1.0892666869717D-08  2.013D-09
   63.650000    1.0841428419232D-08  2.003D-09
   63.700000    1.0790469412627D-08  1.994D-09
   63.750000    1.0739789849914D-08  1.985D-09
   63.800000    1.0689388236746D-08  1.975D-09
   63.850000    1.0639263078775D-08  1.966D-09
   63.900000    1.0589411387297D-08  1.957D-09
   63.950000    1.0539831667964D-08  1.948D-09
   64.000000    1.0490520932073D-08  1.938D-09
   64.050000    1.0441479179632D-08  1.929D-09
   64.100000    1.0392706410651D-08  1.920D-09
   64.150000    1.0344199636426D-08  1.911D-09
   64.200000    1.0295955868251D-08  1.902D-09
   64.250000    1.0247975106136D-08  1.894D-09
   64.300000    1.0200254361374D-08  1.885D-09
   64.350000    1.0152793633976D-08  1.876D-09
   64.400000    1.0105589935236D-08  1.867D-09
   64.450000    1.0058641770805D-08  1.859D-09
   64.500000    1.0011947646335D-08  1.850D-09
   64.550000    9.9655060674775D-09  1.841D-09
   64.600000    9.9193170342409D-09  1.833D-09
   64.650000    9.8733760635618D-09  1.824D-09
   64.700000    9.8276846498063D-09  1.816D-09
   64.750000    9.7822383099104D-09  1.808D-09
   64.800000    9.7370370438828D-09  1.799D-09
   64.850000    9.6920808517315D-09  1.791D-09
   64.900000    9.6473652503926D-09  1.783D-09
   64.950000    9.6028902398741D-09  1.774D-09
   65.000000    9.5586543258268D-09  1.766D-09
   65.050000    9.5146560139010D-09  1.758D-09
   65.100000    9.4708938097473D-09  1.750D-09
   65.150000    9.4273662190159D-09  1.742D-09
   65.200000    9.3840717473572D-09  1.734D-09
   65.250000    9.3410089004212D-09  1.726D-09
   65.300000    9.2981776782157D-09  1.718D-09
   65.350000    9.2555735976755D-09  1.710D-09
   65.400000    9.2131981531656D-09  1.702D-09
   65.450000    9.1710483559784D-09  1.695D-09
   65.500000    9.1291242061210D-09  1.687D-09
   65.550000    9.0874227148857D-09  1.679D-09
   65.600000    9.0459438822797D-09  1.672D-09
   65.650000    9.0046847195948D-09  1.664D-09
   65.700000    8.9636467211956D-09  1.656D-09
   65.750000    8.9228254040164D-09  1.649D-09
   65.800000    8.8822207680640D-09  1.641D-09
   65.850000    8.8418313189877D-09  1.634D-09
   65.900000    8.8016570567941D-09  1.626D-09
   65.950000    8.7616949927747D-09  1.619D-09
   66.000000    8.7219451269362D-09  1.612D-09
   66.050000    8.6824044705698D-09  1.604D-09
   66.100000    8.6430730236820D-09  1.597D-09
   66.150000    8.6039492919216D-09  1.590D-09
   66.200000    8.5650317809372D-09  1.583D-09
   66.250000    8.5263204907353D-09  1.576D-09
   66.300000    8.4878124326066D-09  1.568D-09
   66.350000    8.4495076065573D-09  1.561D-09
   66.400000    8.4114030238782D-09  1.554D-09
   66.450000    8.3735001789331D-09  1.547D-09
   66.500000    8.3357960830125D-09  1.540D-09
   66.550000    8.2982892417646D-09  1.533D-09
   66.600000    8.2609796551953D-09  1.526D-09
   66.650000    8.2238658289528D-09  1.520D-09
   66.700000    8.1869462686850D-09  1.513D-09
   66.750000    8.1502209743977D-09  1.506D-09
   66.800000    8.1136854630233D-09  1.499D-09
   66.850000    8.0773427232829D-09  1.493D-09
   66.900000    8.0411882721087D-09  1.486D-09
   66.950000    8.0052236038640D-09  1.479D-09
   67.000000    7.9694472241965D-09  1.473D-09
   67.050000    7.9338561443960D-09  1.466D-09
   67.100000    7.8984503644679D-09  1.459D-09
   67.150000    7.8632283900596D-09  1.453D-09
   67.200000    7.8281902211763D-09  1.446D-09
   67.250000    7.7933328691076D-09  1.440D-09
   67.300000    7.7586578282164D-09  1.434D-09
   67.350000    7.7241621097923D-09  1.427D-09
   67.400000    7.6898457138401D-09  1.421D-09
   67.450000    7.6557071460071D-09  1.415D-09
   67.500000    7.6217434175826D-09  1.408D-09
   67.550000    7.5879575172870D-09  1.402D-09
   67.600000    7.5543449620517D-09  1.396D-09
   67.650000    7.5209072462393D-09  1.390D-09
   67.700000    7.4876413811389D-09  1.384D-09
   67.750000    7.4545458723972D-09  1.377D-09
   67.800000    7.4216222143768D-09  1.371D-09
   67.850000    7.3888674183665D-09  1.365D-09
   67.900000    7.3562814843710D-09  1.359D-09
   67.950000    7.3238644123946D-09  1.353D-09
   68.000000    7.2916117193683D-09  1.347D-09
   68.050000    7.2595263940121D-09  1.341D-09
   68.100000    7.2276039532569D-09  1.336D-09
   68.150000    7.1958458914648D-09  1.330D-09
   68.200000    7.1642507142823D-09  1.324D-09
   68.250000    7.1328169273556D-09  1.318D-09
   68.300000    7.1015445306890D-09  1.312D-09
   68.350000    7.0704320299287D-09  1.306D-09
   68.400000    7.0394779307210D-09  1.301D-09
   68.450000    7.0086807387120D-09  1.295D-09
   68.500000    6.9780419482636D-09  1.289D-09
   68.550000    6.9475600650220D-09  1.284D-09
   68.600000    6.9172321002752D-09  1.278D-09
   68.650000    6.8870595483851D-09  1.273D-09
   68.700000    6.8570394206398D-09  1.267D-09
   68.750000    6.8271717170429D-09  1.262D-09
   68.800000    6.7974564375985D-09  1.256D-09
   68.850000    6.7678920879522D-09  1.251D-09
   68.900000    6.7384771737499D-09  1.245D-09
   68.950000    6.7092102006373D-09  1.240D-09
   69.000000    6.6800926629760D-09  1.234D-09
   69.050000    6.6511230664117D-09  1.229D-09
   69.100000    6.6222984222320D-09  1.224D-09
   69.150000    6.5936202247985D-09  1.218D-09
   69.200000    6.5650869797567D-09  1.213D-09
   69.250000    6.5366971927521D-09  1.208D-09
   69.300000    6.5084508637882D-09  1.203D-09
   69.350000    6.4803479928684D-09  1.197D-09
   69.400000    6.4523840969220D-09  1.192D-09
   69.450000    6.4245621646684D-09  1.187D-09
   69.500000    6.3968807017531D-09  1.182D-09
   69.550000    6.3693382138212D-09  1.177D-09
   69.600000    6.3419332065179D-09  1.172D-09
   69.650000    6.3146656798466D-09  1.167D-09
   69.700000    6.2875356338104D-09  1.162D-09
   69.750000    6.2605400796963D-09  1.157D-09
   69.800000    6.2336805118657D-09  1.152D-09
   69.850000    6.2069554359635D-09  1.147D-09
   69.900000    6.1803633576347D-09  1.142D-09
   69.950000    6.1539042768825D-09  1.137D-09
   70.000000    6.1275781937099D-09  1.132D-09
   70.050000    6.1013821194037D-09  1.127D-09
   70.100000    6.0753175483249D-09  1.123D-09
   70.150000    6.0493829861185D-09  1.118D-09
   70.200000    6.0235769384293D-09  1.113D-09
   70.250000    5.9978994052600D-09  1.108D-09
   70.300000    5.9723488922555D-09  1.104D-09
   70.350000    5.9469253994187D-09  1.099D-09
   70.400000    5.9216289267523D-09  1.094D-09
   70.450000    5.8964564855428D-09  1.090D-09
   70.500000    5.8714095701513D-09  1.085D-09
   70.550000    5.8464866862222D-09  1.080D-09
   70.600000    5.8216878337583D-09  1.076D-09
   70.650000    5.7970115184041D-09  1.071D-09
   70.700000    5.7724562458041D-09  1.067D-09
   70.750000    5.7480220159609D-09  1.062D-09
   70.800000    5.7237088288772D-09  1.058D-09
   70.850000    5.6995166845557D-09  1.053D-09
   70.900000    5.6754425942823D-09  1.049D-09
   70.950000    5.6514865580597D-09  1.044D-09
   71.000000    5.6276500702488D-09  1.040D-09
   71.050000    5.6039286477771D-09  1.035D-09
   71.100000    5.5803252793638D-09  1.031D-09
   71.150000    5.5568369762948D-09  1.027D-09
   71.200000    5.5334652329308D-09  1.022D-09
   71.250000    5.5102070605578D-09  1.018D-09
   71.300000    5.4870624591780D-09  1.014D-09
   71.350000    5.4640329231522D-09  1.010D-09
   71.400000    5.4411139694080D-09  1.005D-09
   71.450000    5.4183085866641D-09  1.001D-09
   71.500000    5.3956137862063D-09  9.970D-10
   71.550000    5.3730310623953D-09  9.928D-10
   71.600000    5.3505574265167D-09  9.887D-10
   71.650000    5.3281928785728D-09  9.845D-10
   71.700000    5.3059389129241D-09  9.804D-10
   71.750000    5.2837925408561D-09  9.763D-10
   71.800000    5.2617537623712D-09  9.723D-10
   71.850000    5.2398210831130D-09  9.682D-10
   71.900000    5.2179974918006D-09  9.642D-10
   71.950000    5.1962785053609D-09  9.602D-10
   72.000000    5.1746641237961D-09  9.562D-10
   72.050000    5.1531558414666D-09  9.522D-10
   72.100000    5.1317506696578D-09  9.482D-10
   72.150000    5.1104501027302D-09  9.443D-10
   72.200000    5.0892526463273D-09  9.404D-10
   72.250000    5.0681568060930D-09  9.365D-10
   72.300000    5.0471640763874D-09  9.326D-10
   72.350000    5.0262714684960D-09  9.288D-10
   72.400000    5.0054804767789D-09  9.249D-10
   72.450000    4.9847896068799D-09  9.211D-10
   72.500000    4.9641988588007D-09  9.173D-10
   72.550000    4.9437067381850D-09  9.135D-10
   72.600000    4.9233132450347D-09  9.097D-10
   72.650000    4.9030183793515D-09  9.060D-10
   72.700000    4.8828206467791D-09  9.023D-10
   72.750000    4.8627185529607D-09  8.985D-10
   72.800000    4.8427150866152D-09  8.948D-10
   72.850000    4.8228072590274D-09  8.912D-10
   72.900000    4.8029935758406D-09  8.875D-10
   72.950000    4.7832755314153D-09  8.839D-10
   73.000000    4.7636516313946D-09  8.802D-10
   73.050000    4.7441218757803D-09  8.766D-10
   73.100000    4.7246862645742D-09  8.730D-10
   73.150000    4.7053418090610D-09  8.695D-10
   73.200000    4.6860914979594D-09  8.659D-10
   73.250000    4.6669308481957D-09  8.624D-10
   73.300000    4.6478628484886D-09  8.588D-10
   73.350000    4.6288860044811D-09  8.553D-10
   73.400000    4.6099988218165D-09  8.518D-10
   73.450000    4.5912013004963D-09  8.484D-10
   73.500000    4.5724949348808D-09  8.449D-10
   73.550000    4.5538752418960D-09  8.415D-10
   73.600000    4.5353452102605D-09  8.380D-10
   73.650000    4.5169018512589D-09  8.346D-10
   73.700000    4.4985466592512D-09  8.312D-10
   73.750000    4.4802796342391D-09  8.279D-10
   73.800000    4.4620977875069D-09  8.245D-10
   73.850000    4.4440011190563D-09  8.212D-10
   73.900000    4.4259911232472D-09  8.178D-10
   73.950000    4.4080663057227D-09  8.145D-10
   74.000000    4.3902266664841D-09  8.112D-10
   74.050000    4.3724707111745D-09  8.079D-10
   74.100000    4.3547969454367D-09  8.047D-10
   74.150000    4.3372083579893D-09  8.014D-10
   74.200000    4.3197019601167D-09  7.982D-10
   74.250000    4.3022777518201D-09  7.950D-10
   74.300000    4.2849357331011D-09  7.918D-10
   74.350000    4.2676759039610D-09  7.886D-10
   74.400000    4.2504952756841D-09  7.854D-10
   74.450000    4.2333968369888D-09  7.823D-10
   74.500000    4.2163790935181D-09  7.791D-10
   74.550000    4.1994390565559D-09  7.760D-10
   74.600000    4.1825797148210D-09  7.729D-10
   74.650000    4.1657995739559D-09  7.698D-10
   74.700000    4.1490971396034D-09  7.667D-10
   74.750000    4.1324739061234D-09  7.636D-10
   74.800000    4.1159268848000D-09  7.605D-10
   74.850000    4.0994575699931D-09  7.575D-10
   74.900000    4.0830659617039D-09  7.545D-10
   74.950000    4.0667490712164D-09  7.515D-10
   75.000000    4.0505098872492D-09  7.485D-10
   75.050000    4.0343454210862D-09  7.455D-10
   75.100000    4.0182556727287D-09  7.425D-10
   75.150000    4.0022421365364D-09  7.395D-10
   75.200000    3.9863018237934D-09  7.366D-10
   75.250000    3.9704362288594D-09  7.337D-10
   75.300000    3.9546438573770D-09  7.307D-10
   75.350000    3.9389247093473D-09  7.278D-10
   75.400000    3.9232787847716D-09  7.249D-10
   75.450000    3.9077045892923D-09  7.221D-10
   75.500000    3.8922036172692D-09  7.192D-10
   75.550000    3.8767728799861D-09  7.164D-10
   75.600000    3.8614153661615D-09  7.135D-10
   75.650000    3.8461265927204D-09  7.107D-10
   75.700000    3.8309095483814D-09  7.079D-10
   75.750000    3.8157627387868D-09  7.051D-10
   75.800000    3.8006861639377D-09  7.023D-10
   75.850000    3.7856783294765D-09  6.995D-10
   75.900000    3.7707407297630D-09  6.968D-10
   75.950000    3.7558703760808D-09  6.940D-10
   76.000000    3.7410687627897D-09  6.913D-10
   76.050000    3.7263358898907D-09  6.886D-10
   76.100000    3.7116702630261D-09  6.858D-10
   76.150000    3.6970718821970D-09  6.831D-10
   76.200000    3.6825392530456D-09  6.805D-10
   76.250000    3.6680753642904D-09  6.778D-10
   76.300000    3.6536757328562D-09  6.751D-10
   76.350000    3.6393433474614D-09  6.725D-10
   76.400000    3.6250767137484D-09  6.698D-10
   76.450000    3.6108743373593D-09  6.672D-10
   76.500000    3.5967362182951D-09  6.646D-10
   76.550000    3.5826638509154D-09  6.620D-10
   76.600000    3.5686557408626D-09  6.594D-10
   76.650000    3.5547118881375D-09  6.568D-10
   76.700000    3.5408307983823D-09  6.543D-10
   76.750000    3.5270124715979D-09  6.517D-10
   76.800000    3.5132569077852D-09  6.492D-10
   76.850000    3.4995656013040D-09  6.467D-10
   76.900000    3.4859340690787D-09  6.441D-10
   76.950000    3.4723667941867D-09  6.416D-10
   77.000000    3.4588592935524D-09  6.391D-10
   77.050000    3.4454145558943D-09  6.366D-10
   77.100000    3.4320295924957D-09  6.342D-10
   77.150000    3.4187058977163D-09  6.317D-10
   77.200000    3.4054419771980D-09  6.293D-10
   77.250000    3.3922378309418D-09  6.268D-10
   77.300000    3.3790949533073D-09  6.244D-10
   77.350000    3.3660103555778D-09  6.220D-10
   77.400000    3.3529840377539D-09  6.196D-10
   77.450000    3.3400174941955D-09  6.172D-10
   77.500000    3.3271092305444D-09  6.148D-10
   77.550000    3.3142592468015D-09  6.124D-10
   77.600000    3.3014675429676D-09  6.100D-10
   77.650000    3.2887326246846D-09  6.077D-10
   77.700000    3.2760544919533D-09  6.054D-10
   77.750000    3.2634346391334D-09  6.030D-10
   77.800000    3.2508715718668D-09  6.007D-10
   77.850000    3.2383637957953D-09  5.984D-10
   77.900000    3.2259128052787D-09  5.961D-10
   77.950000    3.2135171059588D-09  5.938D-10
   78.000000    3.2011766978363D-09  5.915D-10
   78.050000    3.1888930752709D-09  5.892D-10
   78.100000    3.1766632495456D-09  5.870D-10
   78.150000    3.1644872206610D-09  5.847D-10
   78.200000    3.1523664829769D-09  5.825D-10
   78.250000    3.1403010364938D-09  5.803D-10
   78.300000    3.1282878924949D-09  5.780D-10
   78.350000    3.1163285453396D-09  5.758D-10
   78.400000    3.1044229950286D-09  5.736D-10
   78.450000    3.0925712415627D-09  5.714D-10
   78.500000    3.0807702962247D-09  5.693D-10
   78.550000    3.0690231477332D-09  5.671D-10
   78.600000    3.0573283017299D-09  5.649D-10
   78.650000    3.0456842638566D-09  5.628D-10
   78.700000    3.0340925284728D-09  5.606D-10
   78.750000    3.0225530955792D-09  5.585D-10
   78.800000    3.0110644708176D-09  5.564D-10
   78.850000    2.9996266541886D-09  5.543D-10
   78.900000    2.9882381513339D-09  5.522D-10
   78.950000    2.9769019509720D-09  5.501D-10
   79.000000    2.9656150643857D-09  5.480D-10
   79.050000    2.9543774915757D-09  5.459D-10
   79.100000    2.9431907269014D-09  5.438D-10
   79.150000    2.9320532760046D-09  5.418D-10
   79.200000    2.9209636445270D-09  5.397D-10
   79.250000    2.9099248211869D-09  5.377D-10
   79.300000    2.8989338172673D-09  5.357D-10
   79.350000    2.8879906327685D-09  5.336D-10
   79.400000    2.8770952676914D-09  5.316D-10
   79.450000    2.8662492163953D-09  5.296D-10
   79.500000    2.8554494901629D-09  5.276D-10
   79.550000    2.8446990777128D-09  5.256D-10
   79.600000    2.8339934959687D-09  5.237D-10
   79.650000    2.8233372280080D-09  5.217D-10
   79.700000    2.8127257907543D-09  5.197D-10
   79.750000    2.8021621729262D-09  5.178D-10
   79.800000    2.7916433858063D-09  5.158D-10
   79.850000    2.7811724181131D-09  5.139D-10
   79.900000    2.7707462811291D-09  5.120D-10
   79.950000    2.7603649748550D-09  5.101D-10
   80.000000    2.7500299936502D-09  5.082D-10
   80.050000    2.7397398431563D-09  5.063D-10
   80.100000    2.7294945233738D-09  5.044D-10
   80.150000    2.7192940343032D-09  5.025D-10
   80.200000    2.7091383759451D-09  5.006D-10
   80.250000    2.6990260539410D-09  4.987D-10
   80.300000    2.6889585626504D-09  4.969D-10
   80.350000    2.6789344077147D-09  4.950D-10
   80.400000    2.6689535891346D-09  4.932D-10
   80.450000    2.6590161069105D-09  4.913D-10
   80.500000    2.6491219610429D-09  4.895D-10
   80.550000    2.6392711515322D-09  4.877D-10
   80.600000    2.6294636783790D-09  4.859D-10
   80.650000    2.6197010359429D-09  4.841D-10
   80.700000    2.6099772467881D-09  4.823D-10
   80.750000    2.6002952996332D-09  4.805D-10
   80.800000    2.5906551944787D-09  4.787D-10
   80.850000    2.5810569313250D-09  4.769D-10
   80.900000    2.5715005101726D-09  4.752D-10
   80.950000    2.5619859310219D-09  4.734D-10
   81.000000    2.5525116995145D-09  4.717D-10
   81.050000    2.5430778156507D-09  4.699D-10
   81.100000    2.5336857737900D-09  4.682D-10
   81.150000    2.5243340795738D-09  4.664D-10
   81.200000    2.5150212386436D-09  4.647D-10
   81.250000    2.5057487453588D-09  4.630D-10
   81.300000    2.4965165997198D-09  4.613D-10
   81.350000    2.4873248017271D-09  4.596D-10
   81.400000    2.4781718570221D-09  4.579D-10
   81.450000    2.4690577656051D-09  4.562D-10
   81.500000    2.4599840218357D-09  4.546D-10
   81.550000    2.4509476369962D-09  4.529D-10
   81.600000    2.4419501054459D-09  4.512D-10
   81.650000    2.4329929215445D-09  4.496D-10
   81.700000    2.4240716022151D-09  4.479D-10
   81.750000    2.4151906305354D-09  4.463D-10
   81.800000    2.4063455234284D-09  4.446D-10
   81.850000    2.3975392696128D-09  4.430D-10
   81.900000    2.3887703747298D-09  4.414D-10
   81.950000    2.3800388387799D-09  4.398D-10
   82.000000    2.3713446617635D-09  4.382D-10
   82.050000    2.3626878436809D-09  4.366D-10
   82.100000    2.3540668901734D-09  4.350D-10
   82.150000    2.3454832956006D-09  4.334D-10
   82.200000    2.3369370599627D-09  4.318D-10
   82.250000    2.3284266889011D-09  4.302D-10
   82.300000    2.3199506880570D-09  4.287D-10
   82.350000    2.3115120461490D-09  4.271D-10
   82.400000    2.3031092688184D-09  4.256D-10
   82.450000    2.2947423560655D-09  4.240D-10
   82.500000    2.2864098135315D-09  4.225D-10
   82.550000    2.2781131355760D-09  4.210D-10
   82.600000    2.2698523221993D-09  4.194D-10
   82.650000    2.2616258790426D-09  4.179D-10
   82.700000    2.2534338061063D-09  4.164D-10
   82.750000    2.2452761033907D-09  4.149D-10
   82.800000    2.2371542652553D-09  4.134D-10
   82.850000    2.2290653029821D-09  4.119D-10
   82.900000    2.2210107109307D-09  4.104D-10
   82.950000    2.2129904891014D-09  4.089D-10
   83.000000    2.2050031431353D-09  4.074D-10
   83.050000    2.1970501673919D-09  4.060D-10
   83.100000    2.1891315618717D-09  4.045D-10
   83.150000    2.1812443378565D-09  4.031D-10
   83.200000    2.1733914840650D-09  4.016D-10
   83.250000    2.1655715061384D-09  4.002D-10
   83.300000    2.1577829097178D-09  3.987D-10
   83.350000    2.1500286835220D-09  3.973D-10
   83.400000    2.1423058388328D-09  3.959D-10
   83.450000    2.1346158700097D-09  3.944D-10
   83.500000    2.1269587770531D-09  3.930D-10
   83.550000    2.1193330656040D-09  3.916D-10
   83.600000    2.1117387356628D-09  3.902D-10
   83.650000    2.1041772815890D-09  3.888D-10
   83.700000    2.0966457146645D-09  3.874D-10
   83.750000    2.0891470236080D-09  3.860D-10
   83.800000    2.0816797140605D-09  3.847D-10
   83.850000    2.0742422916632D-09  3.833D-10
   83.900000    2.0668362507756D-09  3.819D-10
   83.950000    2.0594615913979D-09  3.805D-10
   84.000000    2.0521168191712D-09  3.792D-10
   84.050000    2.0448034284550D-09  3.778D-10
   84.100000    2.0375199248905D-09  3.765D-10
   84.150000    2.0302678028369D-09  3.752D-10
   84.200000    2.0230440735764D-09  3.738D-10
   84.250000    2.0158517258274D-09  3.725D-10
   84.300000    2.0086877708720D-09  3.712D-10
   84.350000    2.0015537030695D-09  3.698D-10
   84.400000    1.9944510167794D-09  3.685D-10
   84.450000    1.9873752289244D-09  3.672D-10
   84.500000    1.9803308225824D-09  3.659D-10
   84.550000    1.9733148090352D-09  3.646D-10
   84.600000    1.9663271882830D-09  3.633D-10
   84.650000    1.9593679603262D-09  3.621D-10
   84.700000    1.9524386195241D-09  3.608D-10
   84.750000    1.9455376715179D-09  3.595D-10
   84.800000    1.9386651163077D-09  3.582D-10
   84.850000    1.9318209538939D-09  3.570D-10
   84.900000    1.9250051842767D-09  3.557D-10
   84.950000    1.9182163130970D-09  3.544D-10
   85.000000    1.9114558347144D-09  3.532D-10
   85.050000    1.9047237491291D-09  3.520D-10
   85.100000    1.8980185619821D-09  3.507D-10
   85.150000    1.8913417676329D-09  3.495D-10
   85.200000    1.8846918717225D-09  3.483D-10
   85.250000    1.8780688742511D-09  3.470D-10
   85.300000    1.8714742695782D-09  3.458D-10
   85.350000    1.8649050689855D-09  3.446D-10
   85.400000    1.8583642611917D-09  3.434D-10
   85.450000    1.8518488574787D-09  3.422D-10
   85.500000    1.8453603522058D-09  3.410D-10
   85.550000    1.8388987453732D-09  3.398D-10
   85.600000    1.8324640369813D-09  3.386D-10
   85.650000    1.8260547326710D-09  3.374D-10
   85.700000    1.8196708324424D-09  3.362D-10
   85.750000    1.8133138306551D-09  3.351D-10
   85.800000    1.8069837273093D-09  3.339D-10
   85.850000    1.8006775336866D-09  3.327D-10
   85.900000    1.7943982385059D-09  3.316D-10
   85.950000    1.7881443474080D-09  3.304D-10
   86.000000    1.7819158603931D-09  3.293D-10
   86.050000    1.7757127774616D-09  3.281D-10
   86.100000    1.7695350986134D-09  3.270D-10
   86.150000    1.7633813294897D-09  3.258D-10
   86.200000    1.7572529644499D-09  3.247D-10
   86.250000    1.7511500034941D-09  3.236D-10
   86.300000    1.7450709522634D-09  3.225D-10
   86.350000    1.7390173051171D-09  3.213D-10
   86.400000    1.7329875676962D-09  3.202D-10
   86.450000    1.7269832343602D-09  3.191D-10
   86.500000    1.7210013163906D-09  3.180D-10
   86.550000    1.7150448025063D-09  3.169D-10
   86.600000    1.7091121983482D-09  3.158D-10
   86.650000    1.7032035039164D-09  3.147D-10
   86.700000    1.6973187192112D-09  3.136D-10
   86.750000    1.6914578442327D-09  3.125D-10
   86.800000    1.6856193846217D-09  3.115D-10
   86.850000    1.6798048347379D-09  3.104D-10
   86.900000    1.6740141945813D-09  3.093D-10
   86.950000    1.6682474641522D-09  3.083D-10
   87.000000    1.6625031490914D-09  3.072D-10
   87.050000    1.6567812493991D-09  3.061D-10
   87.100000    1.6510832594348D-09  3.051D-10
   87.150000    1.6454076848394D-09  3.040D-10
   87.200000    1.6397545256129D-09  3.030D-10
   87.250000    1.6341252761150D-09  3.020D-10
   87.300000    1.6285169476271D-09  3.009D-10
   87.350000    1.6229325288681D-09  2.999D-10
   87.400000    1.6173705254789D-09  2.989D-10
   87.450000    1.6118294431001D-09  2.978D-10
   87.500000    1.6063107760914D-09  2.968D-10
   87.550000    1.6008145244529D-09  2.958D-10
   87.600000    1.5953406881847D-09  2.948D-10
   87.650000    1.5898877729278D-09  2.938D-10
   87.700000    1.5844572730416D-09  2.928D-10
   87.750000    1.5790476941668D-09  2.918D-10
   87.800000    1.5736605306631D-09  2.908D-10
   87.850000    1.5682927938119D-09  2.898D-10
   87.900000    1.5629489666914D-09  2.888D-10
   87.950000    1.5576245662236D-09  2.878D-10
   88.000000    1.5523225811275D-09  2.868D-10
   88.050000    1.5470415170439D-09  2.859D-10
   88.100000    1.5417798796135D-09  2.849D-10
   88.150000    1.5365406575552D-09  2.839D-10
   88.200000    1.5313223565099D-09  2.830D-10
   88.250000    1.5261234821182D-09  2.820D-10
   88.300000    1.5209455287397D-09  2.810D-10
   88.350000    1.5157884963746D-09  2.801D-10
   88.400000    1.5106523850230D-09  2.791D-10
   88.450000    1.5055357003256D-09  2.782D-10
   88.500000    1.5004384422827D-09  2.773D-10
   88.550000    1.4953621052537D-09  2.763D-10
   88.600000    1.4903066892387D-09  2.754D-10
   88.650000    1.4852706998786D-09  2.744D-10
   88.700000    1.4802541371735D-09  2.735D-10
   88.750000    1.4752570011235D-09  2.726D-10
   88.800000    1.4702807860882D-09  2.717D-10
   88.850000    1.4653225033488D-09  2.708D-10
   88.900000    1.4603851416243D-09  2.699D-10
   88.950000    1.4554672065556D-09  2.689D-10
   89.000000    1.4505672037832D-09  2.680D-10
   89.050000    1.4456881220261D-09  2.671D-10
   89.100000    1.4408269725657D-09  2.662D-10
   89.150000    1.4359852497615D-09  2.653D-10
   89.200000    1.4311614592541D-09  2.645D-10
   89.250000    1.4263585897627D-09  2.636D-10
   89.300000    1.4215736525684D-09  2.627D-10
   89.350000    1.4168066476714D-09  2.618D-10
   89.400000    1.4120590694313D-09  2.609D-10
   89.450000    1.4073294234887D-09  2.600D-10
   89.500000    1.4026192042032D-09  2.592D-10
   89.550000    1.3979269172155D-09  2.583D-10
   89.600000    1.3932525625257D-09  2.574D-10
   89.650000    1.3885976344933D-09  2.566D-10
   89.700000    1.3839591443997D-09  2.557D-10
   89.750000    1.3793400809638D-09  2.549D-10
   89.800000    1.3747374554669D-09  2.540D-10
   89.850000    1.3701542566279D-09  2.532D-10
   89.900000    1.3655889900876D-09  2.523D-10
   89.950000    1.3610401614866D-09  2.515D-10
   90.000000    1.3565092651844D-09  2.507D-10
   90.050000    1.3519963011812D-09  2.498D-10
   90.100000    1.3475012694772D-09  2.490D-10
   90.150000    1.3430226757129D-09  2.482D-10
   90.200000    1.3385635086073D-09  2.473D-10
   90.250000    1.3341192850823D-09  2.465D-10
   90.300000    1.3296929938569D-09  2.457D-10
   90.350000    1.3252846349311D-09  2.449D-10
   90.400000    1.3208927139457D-09  2.441D-10
   90.450000    1.3165172309007D-09  2.433D-10
   90.500000    1.3121596801557D-09  2.425D-10
   90.550000    1.3078170729918D-09  2.417D-10
   90.600000    1.3034938924876D-09  2.409D-10
   90.650000    1.2991856555649D-09  2.401D-10
   90.700000    1.2948938565831D-09  2.393D-10
   90.750000    1.2906199899018D-09  2.385D-10
   90.800000    1.2863610668022D-09  2.377D-10
   90.850000    1.2821185816439D-09  2.369D-10
   90.900000    1.2778940287865D-09  2.361D-10
   90.950000    1.2736844195110D-09  2.354D-10
   91.000000    1.2694912481771D-09  2.346D-10
   91.050000    1.2653145147849D-09  2.338D-10
   91.100000    1.2611527249750D-09  2.330D-10
   91.150000    1.2570073731070D-09  2.323D-10
   91.200000    1.2528784591810D-09  2.315D-10
   91.250000    1.2487644888375D-09  2.307D-10
   91.300000    1.2446669564362D-09  2.300D-10
   91.350000    1.2405858619772D-09  2.292D-10
   91.400000    1.2365197111010D-09  2.285D-10
   91.450000    1.2324685038079D-09  2.277D-10
   91.500000    1.2284322400978D-09  2.270D-10
   91.550000    1.2244124143303D-09  2.262D-10
   91.600000    1.2204075321461D-09  2.255D-10
   91.650000    1.2164190879047D-09  2.248D-10
   91.700000    1.2124440928873D-09  2.240D-10
   91.750000    1.2084855358128D-09  2.233D-10
   91.800000    1.2045419223220D-09  2.226D-10
   91.850000    1.2006132524149D-09  2.219D-10
   91.900000    1.1966995260916D-09  2.211D-10
   91.950000    1.1927992489926D-09  2.204D-10
   92.000000    1.1889154098371D-09  2.197D-10
   92.050000    1.1850465142657D-09  2.190D-10
   92.100000    1.1811910679189D-09  2.183D-10
   92.150000    1.1773505651563D-09  2.176D-10
   92.200000    1.1735250059781D-09  2.168D-10
   92.250000    1.1697143903842D-09  2.161D-10
   92.300000    1.1659172240153D-09  2.154D-10
   92.350000    1.1621350012309D-09  2.147D-10
   92.400000    1.1583662276717D-09  2.140D-10
   92.450000    1.1546123976972D-09  2.134D-10
   92.500000    1.1508735113075D-09  2.127D-10
   92.550000    1.1471480741432D-09  2.120D-10
   92.600000    1.1434360862043D-09  2.113D-10
   92.650000    1.1397390418505D-09  2.106D-10
   92.700000    1.1360554467223D-09  2.099D-10
   92.750000    1.1323853008198D-09  2.092D-10
   92.800000    1.1287300985026D-09  2.086D-10
   92.850000    1.1250883454112D-09  2.079D-10
   92.900000    1.1214600415457D-09  2.072D-10
   92.950000    1.1178451869063D-09  2.066D-10
   93.000000    1.1142437814929D-09  2.059D-10
   93.050000    1.1106558253056D-09  2.052D-10
   93.100000    1.1070828127041D-09  2.046D-10
   93.150000    1.1035217549694D-09  2.039D-10
   93.200000    1.0999741464610D-09  2.033D-10
   93.250000    1.0964399871791D-09  2.026D-10
   93.300000    1.0929192771237D-09  2.020D-10
   93.350000    1.0894120162948D-09  2.013D-10
   93.400000    1.0859167103331D-09  2.007D-10
   93.450000    1.0824363479577D-09  2.000D-10
   93.500000    1.0789679404495D-09  1.994D-10
   93.550000    1.0755114878087D-09  1.987D-10
   93.600000    1.0720699787543D-09  1.981D-10
   93.650000    1.0686404245674D-09  1.975D-10
   93.700000    1.0652228252480D-09  1.968D-10
   93.750000    1.0618186751558D-09  1.962D-10
   93.800000    1.0584264799313D-09  1.956D-10
   93.850000    1.0550477339340D-09  1.950D-10
   93.900000    1.0516824371641D-09  1.943D-10
   93.950000    1.0483276009025D-09  1.937D-10
   94.000000    1.0449877082280D-09  1.931D-10
   94.050000    1.0416582760619D-09  1.925D-10
   94.100000    1.0383422931234D-09  1.919D-10
   94.150000    1.0350367706934D-09  1.913D-10
   94.200000    1.0317461918508D-09  1.906D-10
   94.250000    1.0284660735169D-09  1.900D-10
   94.300000    1.0251979100513D-09  1.894D-10
   94.350000    1.0219431958136D-09  1.888D-10
   94.400000    1.0186989420848D-09  1.882D-10
   94.450000    1.0154681375841D-09  1.876D-10
   94.500000    1.0122477935924D-09  1.870D-10
   94.550000    1.0090408988288D-09  1.865D-10
   94.600000    1.0058459589340D-09  1.859D-10
   94.650000    1.0026614795483D-09  1.853D-10
   94.700000    9.9948895503147D-10  1.847D-10
   94.750000    9.9632838538347D-10  1.841D-10
   94.800000    9.9317977060439D-10  1.835D-10
   94.850000    9.9004311069430D-10  1.829D-10
   94.900000    9.8691691129367D-10  1.824D-10
   94.950000    9.8380266676214D-10  1.818D-10
   95.000000    9.8070037709978D-10  1.812D-10
   95.050000    9.7760854794704D-10  1.806D-10
   95.100000    9.7452867366357D-10  1.801D-10
   95.150000    9.7146075424944D-10  1.795D-10
   95.200000    9.6840329534511D-10  1.789D-10
   95.250000    9.6535779131021D-10  1.784D-10
   95.300000    9.6232274778523D-10  1.778D-10
   95.350000    9.5929816477021D-10  1.773D-10
   95.400000    9.5628553662479D-10  1.767D-10
   95.450000    9.5328486334905D-10  1.761D-10
   95.500000    9.5029315622382D-10  1.756D-10
   95.550000    9.4731340396837D-10  1.750D-10
   95.600000    9.4434560658275D-10  1.745D-10
   95.650000    9.4138677534781D-10  1.740D-10
   95.700000    9.3843989898280D-10  1.734D-10
   95.750000    9.3550348312817D-10  1.729D-10
   95.800000    9.3257752778398D-10  1.723D-10
   95.850000    9.2966203295028D-10  1.718D-10
   95.900000    9.2675849298671D-10  1.712D-10
   95.950000    9.2386391917413D-10  1.707D-10
   96.000000    9.2098130023180D-10  1.702D-10
   96.050000    9.1810764744053D-10  1.696D-10
   96.100000    9.1524594951962D-10  1.691D-10
   96.150000    9.1239321774988D-10  1.686D-10
   96.200000    9.0955244085059D-10  1.681D-10
   96.250000    9.0672063010257D-10  1.675D-10
   96.300000    9.0389927986547D-10  1.670D-10
   96.350000    9.0108839013936D-10  1.665D-10
   96.400000    8.9828796092427D-10  1.660D-10
   96.450000    8.9549799222026D-10  1.655D-10
   96.500000    8.9271698966775D-10  1.650D-10
   96.550000    8.8994794198603D-10  1.644D-10
   96.600000    8.8718786045590D-10  1.639D-10
   96.650000    8.8443674507741D-10  1.634D-10
   96.700000    8.8169609021022D-10  1.629D-10
   96.750000    8.7896589585439D-10  1.624D-10
   96.800000    8.7624616200996D-10  1.619D-10
   96.850000    8.7353539431734D-10  1.614D-10
   96.900000    8.7083359277658D-10  1.609D-10
   96.950000    8.6814225174735D-10  1.604D-10
   97.000000    8.6546137122970D-10  1.599D-10
   97.050000    8.6278945686404D-10  1.594D-10
   97.100000    8.6012650865041D-10  1.589D-10
   97.150000    8.5747402094849D-10  1.584D-10
   97.200000    8.5483199375832D-10  1.580D-10
   97.250000    8.5219743836067D-10  1.575D-10
   97.300000    8.4957334347486D-10  1.570D-10
   97.350000    8.4695821474129D-10  1.565D-10
   97.400000    8.4435354651965D-10  1.560D-10
   97.450000    8.4175784445033D-10  1.555D-10
   97.500000    8.3917110853337D-10  1.551D-10
   97.550000    8.3659333876881D-10  1.546D-10
   97.600000    8.3402453515670D-10  1.541D-10
   97.650000    8.3146619205672D-10  1.536D-10
   97.700000    8.2891681510927D-10  1.532D-10
   97.750000    8.2637490995472D-10  1.527D-10
   97.800000    8.2384346531244D-10  1.522D-10
   97.850000    8.2132098682279D-10  1.518D-10
   97.900000    8.1880747448583D-10  1.513D-10
   97.950000    8.1630292830158D-10  1.508D-10
   98.000000    8.1380734827009D-10  1.504D-10
   98.050000    8.1132073439140D-10  1.499D-10
   98.100000    8.0884308666554D-10  1.495D-10
   98.150000    8.0637291073290D-10  1.490D-10
   98.200000    8.0391319531282D-10  1.485D-10
   98.250000    8.0146095168603D-10  1.481D-10
   98.300000    7.9901916857189D-10  1.476D-10
   98.350000    7.9658485725110D-10  1.472D-10
   98.400000    7.9415951208337D-10  1.467D-10
   98.450000    7.9174163870906D-10  1.463D-10
   98.500000    7.8933422584755D-10  1.459D-10
   98.550000    7.8693428477954D-10  1.454D-10
   98.600000    7.8454330986474D-10  1.450D-10
   98.650000    7.8215980674349D-10  1.445D-10
   98.700000    7.7978526977552D-10  1.441D-10
   98.750000    7.7741969896086D-10  1.437D-10
   98.800000    7.7506159993987D-10  1.432D-10
   98.850000    7.7271246707225D-10  1.428D-10
   98.900000    7.7037230035804D-10  1.424D-10
   98.950000    7.6803960543761D-10  1.419D-10
   99.000000    7.6571438231097D-10  1.415D-10
   99.050000    7.6339812533785D-10  1.411D-10
   99.100000    7.6109083451828D-10  1.406D-10
   99.150000    7.5878952113293D-10  1.402D-10
   99.200000    7.5649866826087D-10  1.398D-10
   99.250000    7.5421528718278D-10  1.394D-10
   99.300000    7.5193937789869D-10  1.389D-10
   99.350000    7.4967094040862D-10  1.385D-10
   99.400000    7.4741146907230D-10  1.381D-10
   99.450000    7.4515946953007D-10  1.377D-10
   99.500000    7.4291643614165D-10  1.373D-10
