
variables = "r", "lambda(r)", "Uncertainty"
zone T = "State 1  lambda(r)  5412rref2_74RRRfulls"

    0.600000    1.2115842646071D-02  1.227D-04
    0.650000    1.1942852623775D-02  1.206D-04
    0.700000    1.1731743173014D-02  1.182D-04
    0.750000    1.1480233963723D-02  1.153D-04
    0.800000    1.1187369603984D-02  1.120D-04
    0.850000    1.0853813100613D-02  1.083D-04
    0.900000    1.0482059956145D-02  1.043D-04
    0.950000    1.0076529022369D-02  1.001D-04
    1.000000    9.6434926217165D-03  9.567D-05
    1.050000    9.1908236617703D-03  9.107D-05
    1.100000    8.7275607208413D-03  8.629D-05
    1.150000    8.2633202107109D-03  8.132D-05
    1.200000    7.8076124367558D-03  7.608D-05
    1.250000    7.3691393496991D-03  7.051D-05
    1.300000    6.9551603850069D-03  6.453D-05
    1.350000    6.5710059079858D-03  5.808D-05
    1.400000    6.2197960657792D-03  5.116D-05
    1.450000    5.9023907419342D-03  4.379D-05
    1.500000    5.6175608611646D-03  3.607D-05
    1.550000    5.3623400779535D-03  2.812D-05
    1.600000    5.1324948673251D-03  2.008D-05
    1.650000    4.9230431208025D-03  1.214D-05
    1.700000    4.7287560361430D-03  4.462D-06
    1.750000    4.5445921947282D-03  2.847D-06
    1.800000    4.3660317200628D-03  9.567D-06
    1.850000    4.1892978324694D-03  1.565D-05
    1.900000    4.0114695583394D-03  2.103D-05
    1.950000    3.8305009401999D-03  2.566D-05
    2.000000    3.6451684084986D-03  2.954D-05
    2.050000    3.4549696696521D-03  3.268D-05
    2.100000    3.2599957638383D-03  3.513D-05
    2.150000    3.0607942113339D-03  3.694D-05
    2.200000    2.8582365945682D-03  3.817D-05
    2.250000    2.6533993990907D-03  3.890D-05
    2.300000    2.4474630059636D-03  3.922D-05
    2.350000    2.2416306446523D-03  3.919D-05
    2.400000    2.0370669209368D-03  3.889D-05
    2.450000    1.8348541395623D-03  3.840D-05
    2.500000    1.6359638937224D-03  3.778D-05
    2.550000    1.4412411247920D-03  3.709D-05
    2.600000    1.2513979108965D-03  3.638D-05
    2.650000    1.0670144940174D-03  3.571D-05
    2.700000    8.8854540563805D-04  3.512D-05
    2.750000    7.1632893277102D-04  3.462D-05
    2.800000    5.5059853619878D-04  3.425D-05
    2.850000    3.9149516608924D-04  3.402D-05
    2.900000    2.3907970523593D-04  3.394D-05
    2.950000    9.3345004209661D-05  3.400D-05
    3.000000   -4.5772841787986D-05  3.419D-05
    3.050000   -1.7838418223566D-04  3.452D-05
    3.100000   -3.0463656889288D-04  3.495D-05
    3.150000   -4.2470660798933D-04  3.548D-05
    3.200000   -5.3879288117513D-04  3.609D-05
    3.250000   -6.4710987553575D-04  3.677D-05
    3.300000   -7.4988284279668D-04  3.749D-05
    3.350000   -8.4734349764534D-04  3.826D-05
    3.400000   -9.3972646195041D-04  3.905D-05
    3.450000   -1.0272663633034D-03  3.985D-05
    3.500000   -1.1101955010397D-03  4.067D-05
    3.550000   -1.1887419994670D-03  4.148D-05
    3.600000   -1.2631283755324D-03  4.229D-05
    3.650000   -1.3335704559773D-03  4.309D-05
    3.700000   -1.4002765867286D-03  4.388D-05
    3.750000   -1.4634470845939D-03  4.464D-05
    3.800000   -1.5232738881092D-03  4.539D-05
    3.850000   -1.5799403705355D-03  4.612D-05
    3.900000   -1.6336212835124D-03  4.683D-05
    3.950000   -1.6844828047335D-03  4.751D-05
    4.000000   -1.7326826672659D-03  4.817D-05
    4.050000   -1.7783703518229D-03  4.881D-05
    4.100000   -1.8216873264751D-03  4.942D-05
    4.150000   -1.8627673210041D-03  5.001D-05
    4.200000   -1.9017366254103D-03  5.057D-05
    4.250000   -1.9387144040456D-03  5.112D-05
    4.300000   -1.9738130184849D-03  5.164D-05
    4.350000   -2.0071383536343D-03  5.214D-05
    4.400000   -2.0387901427211D-03  5.262D-05
    4.450000   -2.0688622877702D-03  5.308D-05
    4.500000   -2.0974431729609D-03  5.352D-05
    4.550000   -2.1246159689090D-03  5.394D-05
    4.600000   -2.1504589264505D-03  5.435D-05
    4.650000   -2.1750456589376D-03  5.474D-05
    4.700000   -2.1984454124069D-03  5.511D-05
    4.750000   -2.2207233232612D-03  5.546D-05
    4.800000   -2.2419406633292D-03  5.580D-05
    4.850000   -2.2621550723436D-03  5.613D-05
    4.900000   -2.2814207780146D-03  5.644D-05
    4.950000   -2.2997888039801D-03  5.674D-05
    5.000000   -2.3173071659906D-03  5.702D-05
    5.050000   -2.3340210567461D-03  5.729D-05
    5.100000   -2.3499730198366D-03  5.756D-05
    5.150000   -2.3652031132673D-03  5.781D-05
    5.200000   -2.3797490630607D-03  5.805D-05
    5.250000   -2.3936464074319D-03  5.828D-05
    5.300000   -2.4069286320342D-03  5.850D-05
    5.350000   -2.4196272967616D-03  5.871D-05
    5.400000   -2.4317721545849D-03  5.891D-05
    5.450000   -2.4433912628816D-03  5.911D-05
    5.500000   -2.4545110877067D-03  5.930D-05
    5.550000   -2.4651566014282D-03  5.947D-05
    5.600000   -2.4753513741353D-03  5.965D-05
    5.650000   -2.4851176592074D-03  5.981D-05
    5.700000   -2.4944764734096D-03  5.997D-05
    5.750000   -2.5034476718639D-03  6.012D-05
    5.800000   -2.5120500182237D-03  6.027D-05
    5.850000   -2.5203012503604D-03  6.041D-05
    5.900000   -2.5282181418537D-03  6.054D-05
    5.950000   -2.5358165595594D-03  6.067D-05
    6.000000   -2.5431115175098D-03  6.080D-05
    6.050000   -2.5501172273882D-03  6.092D-05
    6.100000   -2.5568471458026D-03  6.103D-05
    6.150000   -2.5633140185686D-03  6.114D-05
    6.200000   -2.5695299221989D-03  6.125D-05
    6.250000   -2.5755063027839D-03  6.135D-05
    6.300000   -2.5812540124338D-03  6.145D-05
    6.350000   -2.5867833434451D-03  6.155D-05
    6.400000   -2.5921040603389D-03  6.164D-05
    6.450000   -2.5972254299120D-03  6.173D-05
    6.500000   -2.6021562494320D-03  6.181D-05
    6.550000   -2.6069048730957D-03  6.190D-05
    6.600000   -2.6114792368668D-03  6.198D-05
    6.650000   -2.6158868817970D-03  6.205D-05
    6.700000   -2.6201349759293D-03  6.213D-05
    6.750000   -2.6242303348767D-03  6.220D-05
    6.800000   -2.6281794411599D-03  6.227D-05
    6.850000   -2.6319884623862D-03  6.233D-05
    6.900000   -2.6356632683426D-03  6.240D-05
    6.950000   -2.6392094470731D-03  6.246D-05
    7.000000   -2.6426323200053D-03  6.252D-05
    7.050000   -2.6459369561866D-03  6.257D-05
    7.100000   -2.6491281856857D-03  6.263D-05
    7.150000   -2.6522106122140D-03  6.268D-05
    7.200000   -2.6551886250136D-03  6.274D-05
    7.250000   -2.6580664100592D-03  6.279D-05
    7.300000   -2.6608479606174D-03  6.283D-05
    7.350000   -2.6635370872008D-03  6.288D-05
    7.400000   -2.6661374269573D-03  6.293D-05
    7.450000   -2.6686524525270D-03  6.297D-05
    7.500000   -2.6710854804015D-03  6.301D-05
    7.550000   -2.6734396788132D-03  6.305D-05
    7.600000   -2.6757180751865D-03  6.309D-05
    7.650000   -2.6779235631749D-03  6.313D-05
    7.700000   -2.6800589093094D-03  6.317D-05
    7.750000   -2.6821267592829D-03  6.321D-05
    7.800000   -2.6841296438905D-03  6.324D-05
    7.850000   -2.6860699846473D-03  6.328D-05
    7.900000   -2.6879500991026D-03  6.331D-05
    7.950000   -2.6897722058679D-03  6.334D-05
    8.000000   -2.6915384293757D-03  6.337D-05
    8.050000   -2.6932508043860D-03  6.340D-05
    8.100000   -2.6949112802524D-03  6.343D-05
    8.150000   -2.6965217249646D-03  6.346D-05
    8.200000   -2.6980839289786D-03  6.349D-05
    8.250000   -2.6995996088467D-03  6.351D-05
    8.300000   -2.7010704106599D-03  6.354D-05
    8.350000   -2.7024979133114D-03  6.357D-05
    8.400000   -2.7038836315936D-03  6.359D-05
    8.450000   -2.7052290191359D-03  6.361D-05
    8.500000   -2.7065354711934D-03  6.364D-05
    8.550000   -2.7078043272946D-03  6.366D-05
    8.600000   -2.7090368737554D-03  6.368D-05
    8.650000   -2.7102343460677D-03  6.370D-05
    8.700000   -2.7113979311684D-03  6.372D-05
    8.750000   -2.7125287695961D-03  6.374D-05
    8.800000   -2.7136279575413D-03  6.376D-05
    8.850000   -2.7146965487962D-03  6.378D-05
    8.900000   -2.7157355566085D-03  6.380D-05
    8.950000   -2.7167459554460D-03  6.382D-05
    9.000000   -2.7177286826752D-03  6.383D-05
    9.050000   -2.7186846401590D-03  6.385D-05
    9.100000   -2.7196146957785D-03  6.387D-05
    9.150000   -2.7205196848815D-03  6.388D-05
    9.200000   -2.7214004116628D-03  6.390D-05
    9.250000   -2.7222576504794D-03  6.391D-05
    9.300000   -2.7230921471030D-03  6.393D-05
    9.350000   -2.7239046199153D-03  6.394D-05
    9.400000   -2.7246957610467D-03  6.396D-05
    9.450000   -2.7254662374623D-03  6.397D-05
    9.500000   -2.7262166919988D-03  6.398D-05
    9.550000   -2.7269477443525D-03  6.400D-05
    9.600000   -2.7276599920231D-03  6.401D-05
    9.650000   -2.7283540112145D-03  6.402D-05
    9.700000   -2.7290303576945D-03  6.403D-05
    9.750000   -2.7296895676165D-03  6.404D-05
    9.800000   -2.7303321583034D-03  6.406D-05
    9.850000   -2.7309586289975D-03  6.407D-05
    9.900000   -2.7315694615767D-03  6.408D-05
    9.950000   -2.7321651212389D-03  6.409D-05
   10.000000   -2.7327460571568D-03  6.410D-05
   10.050000   -2.7333127031036D-03  6.411D-05
   10.100000   -2.7338654780516D-03  6.412D-05
   10.150000   -2.7344047867451D-03  6.413D-05
   10.200000   -2.7349310202477D-03  6.414D-05
   10.250000   -2.7354445564678D-03  6.415D-05
   10.300000   -2.7359457606593D-03  6.416D-05
   10.350000   -2.7364349859032D-03  6.416D-05
   10.400000   -2.7369125735673D-03  6.417D-05
   10.450000   -2.7373788537473D-03  6.418D-05
   10.500000   -2.7378341456889D-03  6.419D-05
   10.550000   -2.7382787581924D-03  6.420D-05
   10.600000   -2.7387129900008D-03  6.420D-05
   10.650000   -2.7391371301711D-03  6.421D-05
   10.700000   -2.7395514584310D-03  6.422D-05
   10.750000   -2.7399562455207D-03  6.423D-05
   10.800000   -2.7403517535201D-03  6.423D-05
   10.850000   -2.7407382361641D-03  6.424D-05
   10.900000   -2.7411159391433D-03  6.425D-05
   10.950000   -2.7414851003943D-03  6.425D-05
   11.000000   -2.7418459503770D-03  6.426D-05
   11.050000   -2.7421987123418D-03  6.427D-05
   11.100000   -2.7425436025850D-03  6.427D-05
   11.150000   -2.7428808306956D-03  6.428D-05
   11.200000   -2.7432105997908D-03  6.428D-05
   11.250000   -2.7435331067434D-03  6.429D-05
   11.300000   -2.7438485423994D-03  6.430D-05
   11.350000   -2.7441570917880D-03  6.430D-05
   11.400000   -2.7444589343226D-03  6.431D-05
   11.450000   -2.7447542439945D-03  6.431D-05
   11.500000   -2.7450431895592D-03  6.432D-05
   11.550000   -2.7453259347150D-03  6.432D-05
   11.600000   -2.7456026382757D-03  6.433D-05
   11.650000   -2.7458734543358D-03  6.433D-05
   11.700000   -2.7461385324297D-03  6.434D-05
   11.750000   -2.7463980176855D-03  6.434D-05
   11.800000   -2.7466520509721D-03  6.435D-05
   11.850000   -2.7469007690417D-03  6.435D-05
   11.900000   -2.7471443046657D-03  6.435D-05
   11.950000   -2.7473827867674D-03  6.436D-05
   12.000000   -2.7476163405479D-03  6.436D-05
   12.050000   -2.7478450876088D-03  6.437D-05
   12.100000   -2.7480691460693D-03  6.437D-05
   12.150000   -2.7482886306802D-03  6.437D-05
   12.200000   -2.7485036529323D-03  6.438D-05
   12.250000   -2.7487143211625D-03  6.438D-05
   12.300000   -2.7489207406545D-03  6.439D-05
   12.350000   -2.7491230137370D-03  6.439D-05
   12.400000   -2.7493212398780D-03  6.439D-05
   12.450000   -2.7495155157754D-03  6.440D-05
   12.500000   -2.7497059354450D-03  6.440D-05
   12.550000   -2.7498925903052D-03  6.440D-05
   12.600000   -2.7500755692581D-03  6.441D-05
   12.650000   -2.7502549587687D-03  6.441D-05
   12.700000   -2.7504308429406D-03  6.441D-05
   12.750000   -2.7506033035895D-03  6.442D-05
   12.800000   -2.7507724203138D-03  6.442D-05
   12.850000   -2.7509382705633D-03  6.442D-05
   12.900000   -2.7511009297045D-03  6.442D-05
   12.950000   -2.7512604710850D-03  6.443D-05
   13.000000   -2.7514169660946D-03  6.443D-05
   13.050000   -2.7515704842250D-03  6.443D-05
   13.100000   -2.7517210931268D-03  6.444D-05
   13.150000   -2.7518688586655D-03  6.444D-05
   13.200000   -2.7520138449745D-03  6.444D-05
   13.250000   -2.7521561145076D-03  6.444D-05
   13.300000   -2.7522957280883D-03  6.445D-05
   13.350000   -2.7524327449587D-03  6.445D-05
   13.400000   -2.7525672228262D-03  6.445D-05
   13.450000   -2.7526992179085D-03  6.445D-05
   13.500000   -2.7528287849777D-03  6.445D-05
   13.550000   -2.7529559774021D-03  6.446D-05
   13.600000   -2.7530808471878D-03  6.446D-05
   13.650000   -2.7532034450175D-03  6.446D-05
   13.700000   -2.7533238202894D-03  6.446D-05
   13.750000   -2.7534420211541D-03  6.447D-05
   13.800000   -2.7535580945502D-03  6.447D-05
   13.850000   -2.7536720862394D-03  6.447D-05
   13.900000   -2.7537840408396D-03  6.447D-05
   13.950000   -2.7538940018580D-03  6.447D-05
   14.000000   -2.7540020117220D-03  6.448D-05
   14.050000   -2.7541081118101D-03  6.448D-05
   14.100000   -2.7542123424814D-03  6.448D-05
   14.150000   -2.7543147431036D-03  6.448D-05
   14.200000   -2.7544153520817D-03  6.448D-05
   14.250000   -2.7545142068839D-03  6.448D-05
   14.300000   -2.7546113440681D-03  6.449D-05
   14.350000   -2.7547067993067D-03  6.449D-05
   14.400000   -2.7548006074117D-03  6.449D-05
   14.450000   -2.7548928023574D-03  6.449D-05
   14.500000   -2.7549834173039D-03  6.449D-05
   14.550000   -2.7550724846194D-03  6.449D-05
   14.600000   -2.7551600359014D-03  6.450D-05
   14.650000   -2.7552461019977D-03  6.450D-05
   14.700000   -2.7553307130266D-03  6.450D-05
   14.750000   -2.7554138983968D-03  6.450D-05
   14.800000   -2.7554956868261D-03  6.450D-05
   14.850000   -2.7555761063600D-03  6.450D-05
   14.900000   -2.7556551843897D-03  6.451D-05
   14.950000   -2.7557329476692D-03  6.451D-05
   15.000000   -2.7558094223327D-03  6.451D-05
   15.050000   -2.7558846339104D-03  6.451D-05
   15.100000   -2.7559586073447D-03  6.451D-05
   15.150000   -2.7560313670054D-03  6.451D-05
   15.200000   -2.7561029367048D-03  6.451D-05
   15.250000   -2.7561733397125D-03  6.451D-05
   15.300000   -2.7562425987688D-03  6.452D-05
   15.350000   -2.7563107360990D-03  6.452D-05
   15.400000   -2.7563777734264D-03  6.452D-05
   15.450000   -2.7564437319853D-03  6.452D-05
   15.500000   -2.7565086325335D-03  6.452D-05
   15.550000   -2.7565724953646D-03  6.452D-05
   15.600000   -2.7566353403196D-03  6.452D-05
   15.650000   -2.7566971867985D-03  6.452D-05
   15.700000   -2.7567580537715D-03  6.452D-05
   15.750000   -2.7568179597899D-03  6.453D-05
   15.800000   -2.7568769229962D-03  6.453D-05
   15.850000   -2.7569349611352D-03  6.453D-05
   15.900000   -2.7569920915630D-03  6.453D-05
   15.950000   -2.7570483312574D-03  6.453D-05
   16.000000   -2.7571036968268D-03  6.453D-05
   16.050000   -2.7571582045198D-03  6.453D-05
   16.100000   -2.7572118702335D-03  6.453D-05
   16.150000   -2.7572647095229D-03  6.453D-05
   16.200000   -2.7573167376086D-03  6.453D-05
   16.250000   -2.7573679693855D-03  6.454D-05
   16.300000   -2.7574184194301D-03  6.454D-05
   16.350000   -2.7574681020092D-03  6.454D-05
   16.400000   -2.7575170310865D-03  6.454D-05
   16.450000   -2.7575652203303D-03  6.454D-05
   16.500000   -2.7576126831208D-03  6.454D-05
   16.550000   -2.7576594325566D-03  6.454D-05
   16.600000   -2.7577054814619D-03  6.454D-05
   16.650000   -2.7577508423926D-03  6.454D-05
   16.700000   -2.7577955276430D-03  6.454D-05
   16.750000   -2.7578395492521D-03  6.454D-05
   16.800000   -2.7578829190091D-03  6.454D-05
   16.850000   -2.7579256484599D-03  6.455D-05
   16.900000   -2.7579677489126D-03  6.455D-05
   16.950000   -2.7580092314430D-03  6.455D-05
   17.000000   -2.7580501069000D-03  6.455D-05
   17.050000   -2.7580903859112D-03  6.455D-05
   17.100000   -2.7581300788878D-03  6.455D-05
   17.150000   -2.7581691960294D-03  6.455D-05
   17.200000   -2.7582077473294D-03  6.455D-05
   17.250000   -2.7582457425795D-03  6.455D-05
   17.300000   -2.7582831913742D-03  6.455D-05
   17.350000   -2.7583201031156D-03  6.455D-05
   17.400000   -2.7583564870176D-03  6.455D-05
   17.450000   -2.7583923521103D-03  6.455D-05
   17.500000   -2.7584277072439D-03  6.455D-05
   17.550000   -2.7584625610934D-03  6.455D-05
   17.600000   -2.7584969221619D-03  6.456D-05
   17.650000   -2.7585307987847D-03  6.456D-05
   17.700000   -2.7585641991334D-03  6.456D-05
   17.750000   -2.7585971312189D-03  6.456D-05
   17.800000   -2.7586296028956D-03  6.456D-05
   17.850000   -2.7586616218648D-03  6.456D-05
   17.900000   -2.7586931956777D-03  6.456D-05
   17.950000   -2.7587243317390D-03  6.456D-05
   18.000000   -2.7587550373103D-03  6.456D-05
   18.050000   -2.7587853195131D-03  6.456D-05
   18.100000   -2.7588151853317D-03  6.456D-05
   18.150000   -2.7588446416164D-03  6.456D-05
   18.200000   -2.7588736950865D-03  6.456D-05
   18.250000   -2.7589023523331D-03  6.456D-05
   18.300000   -2.7589306198217D-03  6.456D-05
   18.350000   -2.7589585038951D-03  6.456D-05
   18.400000   -2.7589860107761D-03  6.456D-05
   18.450000   -2.7590131465700D-03  6.456D-05
   18.500000   -2.7590399172671D-03  6.457D-05
   18.550000   -2.7590663287452D-03  6.457D-05
   18.600000   -2.7590923867722D-03  6.457D-05
   18.650000   -2.7591180970079D-03  6.457D-05
   18.700000   -2.7591434650071D-03  6.457D-05
   18.750000   -2.7591684962210D-03  6.457D-05
   18.800000   -2.7591931960001D-03  6.457D-05
   18.850000   -2.7592175695957D-03  6.457D-05
   18.900000   -2.7592416221627D-03  6.457D-05
   18.950000   -2.7592653587608D-03  6.457D-05
   19.000000   -2.7592887843572D-03  6.457D-05
   19.050000   -2.7593119038282D-03  6.457D-05
   19.100000   -2.7593347219611D-03  6.457D-05
   19.150000   -2.7593572434562D-03  6.457D-05
   19.200000   -2.7593794729283D-03  6.457D-05
   19.250000   -2.7594014149089D-03  6.457D-05
   19.300000   -2.7594230738476D-03  6.457D-05
   19.350000   -2.7594444541138D-03  6.457D-05
   19.400000   -2.7594655599985D-03  6.457D-05
   19.450000   -2.7594863957159D-03  6.457D-05
   19.500000   -2.7595069654047D-03  6.457D-05
   19.550000   -2.7595272731300D-03  6.457D-05
   19.600000   -2.7595473228845D-03  6.457D-05
   19.650000   -2.7595671185903D-03  6.457D-05
   19.700000   -2.7595866640998D-03  6.457D-05
   19.750000   -2.7596059631977D-03  6.458D-05
   19.800000   -2.7596250196021D-03  6.458D-05
   19.850000   -2.7596438369655D-03  6.458D-05
   19.900000   -2.7596624188768D-03  6.458D-05
   19.950000   -2.7596807688620D-03  6.458D-05
   20.000000   -2.7596988903858D-03  6.458D-05
   20.050000   -2.7597167868525D-03  6.458D-05
   20.100000   -2.7597344616075D-03  6.458D-05
   20.150000   -2.7597519179383D-03  6.458D-05
   20.200000   -2.7597691590756D-03  6.458D-05
   20.250000   -2.7597861881947D-03  6.458D-05
   20.300000   -2.7598030084162D-03  6.458D-05
   20.350000   -2.7598196228074D-03  6.458D-05
   20.400000   -2.7598360343829D-03  6.458D-05
   20.450000   -2.7598522461063D-03  6.458D-05
   20.500000   -2.7598682608905D-03  6.458D-05
   20.550000   -2.7598840815992D-03  6.458D-05
   20.600000   -2.7598997110476D-03  6.458D-05
   20.650000   -2.7599151520033D-03  6.458D-05
   20.700000   -2.7599304071873D-03  6.458D-05
   20.750000   -2.7599454792749D-03  6.458D-05
   20.800000   -2.7599603708967D-03  6.458D-05
   20.850000   -2.7599750846392D-03  6.458D-05
   20.900000   -2.7599896230458D-03  6.458D-05
   20.950000   -2.7600039886174D-03  6.458D-05
   21.000000   -2.7600181838137D-03  6.458D-05
   21.050000   -2.7600322110534D-03  6.458D-05
   21.100000   -2.7600460727154D-03  6.458D-05
   21.150000   -2.7600597711393D-03  6.458D-05
   21.200000   -2.7600733086263D-03  6.458D-05
   21.250000   -2.7600866874397D-03  6.458D-05
   21.300000   -2.7600999098059D-03  6.458D-05
   21.350000   -2.7601129779150D-03  6.458D-05
   21.400000   -2.7601258939212D-03  6.458D-05
   21.450000   -2.7601386599439D-03  6.458D-05
   21.500000   -2.7601512780680D-03  6.458D-05
   21.550000   -2.7601637503447D-03  6.459D-05
   21.600000   -2.7601760787920D-03  6.459D-05
   21.650000   -2.7601882653957D-03  6.459D-05
   21.700000   -2.7602003121094D-03  6.459D-05
   21.750000   -2.7602122208555D-03  6.459D-05
   21.800000   -2.7602239935256D-03  6.459D-05
   21.850000   -2.7602356319811D-03  6.459D-05
   21.900000   -2.7602471380539D-03  6.459D-05
   21.950000   -2.7602585135467D-03  6.459D-05
   22.000000   -2.7602697602335D-03  6.459D-05
   22.050000   -2.7602808798606D-03  6.459D-05
   22.100000   -2.7602918741464D-03  6.459D-05
   22.150000   -2.7603027447824D-03  6.459D-05
   22.200000   -2.7603134934335D-03  6.459D-05
   22.250000   -2.7603241217386D-03  6.459D-05
   22.300000   -2.7603346313107D-03  6.459D-05
   22.350000   -2.7603450237380D-03  6.459D-05
   22.400000   -2.7603553005838D-03  6.459D-05
   22.450000   -2.7603654633870D-03  6.459D-05
   22.500000   -2.7603755136629D-03  6.459D-05
   22.550000   -2.7603854529031D-03  6.459D-05
   22.600000   -2.7603952825764D-03  6.459D-05
   22.650000   -2.7604050041288D-03  6.459D-05
   22.700000   -2.7604146189843D-03  6.459D-05
   22.750000   -2.7604241285450D-03  6.459D-05
   22.800000   -2.7604335341913D-03  6.459D-05
   22.850000   -2.7604428372830D-03  6.459D-05
   22.900000   -2.7604520391587D-03  6.459D-05
   22.950000   -2.7604611411371D-03  6.459D-05
   23.000000   -2.7604701445165D-03  6.459D-05
   23.050000   -2.7604790505760D-03  6.459D-05
   23.100000   -2.7604878605748D-03  6.459D-05
   23.150000   -2.7604965757538D-03  6.459D-05
   23.200000   -2.7605051973347D-03  6.459D-05
   23.250000   -2.7605137265213D-03  6.459D-05
   23.300000   -2.7605221644989D-03  6.459D-05
   23.350000   -2.7605305124355D-03  6.459D-05
   23.400000   -2.7605387714816D-03  6.459D-05
   23.450000   -2.7605469427705D-03  6.459D-05
   23.500000   -2.7605550274188D-03  6.459D-05
   23.550000   -2.7605630265263D-03  6.459D-05
   23.600000   -2.7605709411769D-03  6.459D-05
   23.650000   -2.7605787724382D-03  6.459D-05
   23.700000   -2.7605865213624D-03  6.459D-05
   23.750000   -2.7605941889859D-03  6.459D-05
   23.800000   -2.7606017763303D-03  6.459D-05
   23.850000   -2.7606092844019D-03  6.459D-05
   23.900000   -2.7606167141924D-03  6.459D-05
   23.950000   -2.7606240666793D-03  6.459D-05
   24.000000   -2.7606313428256D-03  6.459D-05
   24.050000   -2.7606385435805D-03  6.459D-05
   24.100000   -2.7606456698793D-03  6.459D-05
   24.150000   -2.7606527226440D-03  6.459D-05
   24.200000   -2.7606597027832D-03  6.459D-05
   24.250000   -2.7606666111924D-03  6.459D-05
   24.300000   -2.7606734487543D-03  6.459D-05
   24.350000   -2.7606802163389D-03  6.459D-05
   24.400000   -2.7606869148038D-03  6.459D-05
   24.450000   -2.7606935449944D-03  6.459D-05
   24.500000   -2.7607001077440D-03  6.459D-05
   24.550000   -2.7607066038741D-03  6.459D-05
   24.600000   -2.7607130341945D-03  6.459D-05
   24.650000   -2.7607193995035D-03  6.460D-05
   24.700000   -2.7607257005884D-03  6.460D-05
   24.750000   -2.7607319382250D-03  6.460D-05
   24.800000   -2.7607381131785D-03  6.460D-05
   24.850000   -2.7607442262031D-03  6.460D-05
   24.900000   -2.7607502780428D-03  6.460D-05
   24.950000   -2.7607562694308D-03  6.460D-05
   25.000000   -2.7607622010903D-03  6.460D-05
   25.050000   -2.7607680737344D-03  6.460D-05
   25.100000   -2.7607738880661D-03  6.460D-05
   25.150000   -2.7607796447790D-03  6.460D-05
   25.200000   -2.7607853445568D-03  6.460D-05
   25.250000   -2.7607909880739D-03  6.460D-05
   25.300000   -2.7607965759953D-03  6.460D-05
   25.350000   -2.7608021089769D-03  6.460D-05
   25.400000   -2.7608075876656D-03  6.460D-05
   25.450000   -2.7608130126995D-03  6.460D-05
   25.500000   -2.7608183847078D-03  6.460D-05
   25.550000   -2.7608237043112D-03  6.460D-05
   25.600000   -2.7608289721220D-03  6.460D-05
   25.650000   -2.7608341887441D-03  6.460D-05
   25.700000   -2.7608393547732D-03  6.460D-05
   25.750000   -2.7608444707970D-03  6.460D-05
   25.800000   -2.7608495373951D-03  6.460D-05
   25.850000   -2.7608545551393D-03  6.460D-05
   25.900000   -2.7608595245940D-03  6.460D-05
   25.950000   -2.7608644463156D-03  6.460D-05
   26.000000   -2.7608693208532D-03  6.460D-05
   26.050000   -2.7608741487487D-03  6.460D-05
   26.100000   -2.7608789305364D-03  6.460D-05
   26.150000   -2.7608836667439D-03  6.460D-05
   26.200000   -2.7608883578914D-03  6.460D-05
   26.250000   -2.7608930044925D-03  6.460D-05
   26.300000   -2.7608976070536D-03  6.460D-05
   26.350000   -2.7609021660748D-03  6.460D-05
   26.400000   -2.7609066820493D-03  6.460D-05
   26.450000   -2.7609111554640D-03  6.460D-05
   26.500000   -2.7609155867993D-03  6.460D-05
   26.550000   -2.7609199765291D-03  6.460D-05
   26.600000   -2.7609243251214D-03  6.460D-05
   26.650000   -2.7609286330380D-03  6.460D-05
   26.700000   -2.7609329007344D-03  6.460D-05
   26.750000   -2.7609371286605D-03  6.460D-05
   26.800000   -2.7609413172602D-03  6.460D-05
   26.850000   -2.7609454669715D-03  6.460D-05
   26.900000   -2.7609495782269D-03  6.460D-05
   26.950000   -2.7609536514534D-03  6.460D-05
   27.000000   -2.7609576870721D-03  6.460D-05
   27.050000   -2.7609616854990D-03  6.460D-05
   27.100000   -2.7609656471446D-03  6.460D-05
   27.150000   -2.7609695724142D-03  6.460D-05
   27.200000   -2.7609734617079D-03  6.460D-05
   27.250000   -2.7609773154205D-03  6.460D-05
   27.300000   -2.7609811339420D-03  6.460D-05
   27.350000   -2.7609849176572D-03  6.460D-05
   27.400000   -2.7609886669462D-03  6.460D-05
   27.450000   -2.7609923821842D-03  6.460D-05
   27.500000   -2.7609960637416D-03  6.460D-05
   27.550000   -2.7609997119840D-03  6.460D-05
   27.600000   -2.7610033272727D-03  6.460D-05
   27.650000   -2.7610069099641D-03  6.460D-05
   27.700000   -2.7610104604103D-03  6.460D-05
   27.750000   -2.7610139789589D-03  6.460D-05
   27.800000   -2.7610174659531D-03  6.460D-05
   27.850000   -2.7610209217320D-03  6.460D-05
   27.900000   -2.7610243466303D-03  6.460D-05
   27.950000   -2.7610277409784D-03  6.460D-05
   28.000000   -2.7610311051028D-03  6.460D-05
   28.050000   -2.7610344393258D-03  6.460D-05
   28.100000   -2.7610377439659D-03  6.460D-05
   28.150000   -2.7610410193373D-03  6.460D-05
   28.200000   -2.7610442657507D-03  6.460D-05
   28.250000   -2.7610474835127D-03  6.460D-05
   28.300000   -2.7610506729261D-03  6.460D-05
   28.350000   -2.7610538342902D-03  6.460D-05
   28.400000   -2.7610569679004D-03  6.460D-05
   28.450000   -2.7610600740487D-03  6.460D-05
   28.500000   -2.7610631530232D-03  6.460D-05
   28.550000   -2.7610662051087D-03  6.460D-05
   28.600000   -2.7610692305867D-03  6.460D-05
   28.650000   -2.7610722297348D-03  6.460D-05
   28.700000   -2.7610752028276D-03  6.460D-05
   28.750000   -2.7610781501362D-03  6.460D-05
   28.800000   -2.7610810719286D-03  6.460D-05
   28.850000   -2.7610839684692D-03  6.460D-05
   28.900000   -2.7610868400196D-03  6.460D-05
   28.950000   -2.7610896868381D-03  6.460D-05
   29.000000   -2.7610925091797D-03  6.460D-05
   29.050000   -2.7610953072966D-03  6.460D-05
   29.100000   -2.7610980814379D-03  6.460D-05
   29.150000   -2.7611008318496D-03  6.460D-05
   29.200000   -2.7611035587750D-03  6.460D-05
   29.250000   -2.7611062624542D-03  6.460D-05
   29.300000   -2.7611089431246D-03  6.460D-05
   29.350000   -2.7611116010209D-03  6.460D-05
   29.400000   -2.7611142363748D-03  6.460D-05
   29.450000   -2.7611168494153D-03  6.460D-05
   29.500000   -2.7611194403687D-03  6.460D-05
   29.550000   -2.7611220094588D-03  6.460D-05
   29.600000   -2.7611245569064D-03  6.460D-05
   29.650000   -2.7611270829301D-03  6.460D-05
   29.700000   -2.7611295877456D-03  6.460D-05
   29.750000   -2.7611320715663D-03  6.460D-05
   29.800000   -2.7611345346030D-03  6.460D-05
   29.850000   -2.7611369770639D-03  6.460D-05
   29.900000   -2.7611393991552D-03  6.460D-05
   29.950000   -2.7611418010801D-03  6.460D-05
   30.000000   -2.7611441830400D-03  6.460D-05
   30.050000   -2.7611465452336D-03  6.460D-05
   30.100000   -2.7611488878573D-03  6.460D-05
   30.150000   -2.7611512111055D-03  6.460D-05
   30.200000   -2.7611535151701D-03  6.460D-05
   30.250000   -2.7611558002409D-03  6.460D-05
   30.300000   -2.7611580665055D-03  6.460D-05
   30.350000   -2.7611603141492D-03  6.460D-05
   30.400000   -2.7611625433554D-03  6.460D-05
   30.450000   -2.7611647543052D-03  6.460D-05
   30.500000   -2.7611669471779D-03  6.460D-05
   30.550000   -2.7611691221504D-03  6.460D-05
   30.600000   -2.7611712793977D-03  6.460D-05
   30.650000   -2.7611734190931D-03  6.460D-05
   30.700000   -2.7611755414075D-03  6.460D-05
   30.750000   -2.7611776465101D-03  6.460D-05
   30.800000   -2.7611797345681D-03  6.460D-05
   30.850000   -2.7611818057468D-03  6.460D-05
   30.900000   -2.7611838602098D-03  6.460D-05
   30.950000   -2.7611858981187D-03  6.460D-05
   31.000000   -2.7611879196331D-03  6.460D-05
   31.050000   -2.7611899249113D-03  6.460D-05
   31.100000   -2.7611919141093D-03  6.460D-05
   31.150000   -2.7611938873818D-03  6.460D-05
   31.200000   -2.7611958448813D-03  6.460D-05
   31.250000   -2.7611977867591D-03  6.460D-05
   31.300000   -2.7611997131643D-03  6.460D-05
   31.350000   -2.7612016242449D-03  6.460D-05
   31.400000   -2.7612035201467D-03  6.460D-05
   31.450000   -2.7612054010142D-03  6.460D-05
   31.500000   -2.7612072669904D-03  6.460D-05
   31.550000   -2.7612091182163D-03  6.460D-05
   31.600000   -2.7612109548317D-03  6.460D-05
   31.650000   -2.7612127769749D-03  6.460D-05
   31.700000   -2.7612145847823D-03  6.460D-05
   31.750000   -2.7612163783891D-03  6.460D-05
   31.800000   -2.7612181579290D-03  6.460D-05
   31.850000   -2.7612199235342D-03  6.460D-05
   31.900000   -2.7612216753353D-03  6.460D-05
   31.950000   -2.7612234134618D-03  6.460D-05
   32.000000   -2.7612251380414D-03  6.460D-05
   32.050000   -2.7612268492007D-03  6.460D-05
   32.100000   -2.7612285470647D-03  6.460D-05
   32.150000   -2.7612302317574D-03  6.460D-05
   32.200000   -2.7612319034010D-03  6.460D-05
   32.250000   -2.7612335621168D-03  6.460D-05
   32.300000   -2.7612352080244D-03  6.460D-05
   32.350000   -2.7612368412424D-03  6.460D-05
   32.400000   -2.7612384618879D-03  6.460D-05
   32.450000   -2.7612400700771D-03  6.460D-05
   32.500000   -2.7612416659244D-03  6.460D-05
   32.550000   -2.7612432495436D-03  6.460D-05
   32.600000   -2.7612448210467D-03  6.460D-05
   32.650000   -2.7612463805449D-03  6.460D-05
   32.700000   -2.7612479281481D-03  6.460D-05
   32.750000   -2.7612494639649D-03  6.460D-05
   32.800000   -2.7612509881029D-03  6.460D-05
   32.850000   -2.7612525006685D-03  6.460D-05
   32.900000   -2.7612540017670D-03  6.460D-05
   32.950000   -2.7612554915026D-03  6.460D-05
   33.000000   -2.7612569699783D-03  6.460D-05
   33.050000   -2.7612584372961D-03  6.460D-05
   33.100000   -2.7612598935569D-03  6.460D-05
   33.150000   -2.7612613388604D-03  6.460D-05
   33.200000   -2.7612627733056D-03  6.460D-05
   33.250000   -2.7612641969901D-03  6.460D-05
   33.300000   -2.7612656100107D-03  6.460D-05
   33.350000   -2.7612670124631D-03  6.460D-05
   33.400000   -2.7612684044419D-03  6.460D-05
   33.450000   -2.7612697860409D-03  6.460D-05
   33.500000   -2.7612711573529D-03  6.460D-05
   33.550000   -2.7612725184695D-03  6.460D-05
   33.600000   -2.7612738694817D-03  6.460D-05
   33.650000   -2.7612752104793D-03  6.460D-05
   33.700000   -2.7612765415513D-03  6.460D-05
   33.750000   -2.7612778627857D-03  6.460D-05
   33.800000   -2.7612791742695D-03  6.460D-05
   33.850000   -2.7612804760891D-03  6.460D-05
   33.900000   -2.7612817683298D-03  6.461D-05
   33.950000   -2.7612830510760D-03  6.461D-05
   34.000000   -2.7612843244112D-03  6.461D-05
   34.050000   -2.7612855884183D-03  6.461D-05
   34.100000   -2.7612868431791D-03  6.461D-05
   34.150000   -2.7612880887747D-03  6.461D-05
   34.200000   -2.7612893252853D-03  6.461D-05
   34.250000   -2.7612905527902D-03  6.461D-05
   34.300000   -2.7612917713681D-03  6.461D-05
   34.350000   -2.7612929810967D-03  6.461D-05
   34.400000   -2.7612941820531D-03  6.461D-05
   34.450000   -2.7612953743135D-03  6.461D-05
   34.500000   -2.7612965579533D-03  6.461D-05
   34.550000   -2.7612977330472D-03  6.461D-05
   34.600000   -2.7612988996692D-03  6.461D-05
   34.650000   -2.7613000578924D-03  6.461D-05
   34.700000   -2.7613012077894D-03  6.461D-05
   34.750000   -2.7613023494317D-03  6.461D-05
   34.800000   -2.7613034828904D-03  6.461D-05
   34.850000   -2.7613046082359D-03  6.461D-05
   34.900000   -2.7613057255377D-03  6.461D-05
   34.950000   -2.7613068348646D-03  6.461D-05
   35.000000   -2.7613079362850D-03  6.461D-05
   35.050000   -2.7613090298663D-03  6.461D-05
   35.100000   -2.7613101156754D-03  6.461D-05
   35.150000   -2.7613111937785D-03  6.461D-05
   35.200000   -2.7613122642410D-03  6.461D-05
   35.250000   -2.7613133271280D-03  6.461D-05
   35.300000   -2.7613143825036D-03  6.461D-05
   35.350000   -2.7613154304315D-03  6.461D-05
   35.400000   -2.7613164709745D-03  6.461D-05
   35.450000   -2.7613175041952D-03  6.461D-05
   35.500000   -2.7613185301552D-03  6.461D-05
   35.550000   -2.7613195489157D-03  6.461D-05
   35.600000   -2.7613205605371D-03  6.461D-05
   35.650000   -2.7613215650796D-03  6.461D-05
   35.700000   -2.7613225626023D-03  6.461D-05
   35.750000   -2.7613235531642D-03  6.461D-05
   35.800000   -2.7613245368234D-03  6.461D-05
   35.850000   -2.7613255136375D-03  6.461D-05
   35.900000   -2.7613264836637D-03  6.461D-05
   35.950000   -2.7613274469584D-03  6.461D-05
   36.000000   -2.7613284035776D-03  6.461D-05
   36.050000   -2.7613293535768D-03  6.461D-05
   36.100000   -2.7613302970109D-03  6.461D-05
   36.150000   -2.7613312339342D-03  6.461D-05
   36.200000   -2.7613321644006D-03  6.461D-05
   36.250000   -2.7613330884633D-03  6.461D-05
   36.300000   -2.7613340061753D-03  6.461D-05
   36.350000   -2.7613349175888D-03  6.461D-05
   36.400000   -2.7613358227556D-03  6.461D-05
   36.450000   -2.7613367217271D-03  6.461D-05
   36.500000   -2.7613376145539D-03  6.461D-05
   36.550000   -2.7613385012866D-03  6.461D-05
   36.600000   -2.7613393819748D-03  6.461D-05
   36.650000   -2.7613402566680D-03  6.461D-05
   36.700000   -2.7613411254152D-03  6.461D-05
   36.750000   -2.7613419882646D-03  6.461D-05
   36.800000   -2.7613428452644D-03  6.461D-05
   36.850000   -2.7613436964620D-03  6.461D-05
   36.900000   -2.7613445419045D-03  6.461D-05
   36.950000   -2.7613453816386D-03  6.461D-05
   37.000000   -2.7613462157104D-03  6.461D-05
   37.050000   -2.7613470441656D-03  6.461D-05
   37.100000   -2.7613478670497D-03  6.461D-05
   37.150000   -2.7613486844075D-03  6.461D-05
   37.200000   -2.7613494962834D-03  6.461D-05
   37.250000   -2.7613503027216D-03  6.461D-05
   37.300000   -2.7613511037657D-03  6.461D-05
   37.350000   -2.7613518994589D-03  6.461D-05
   37.400000   -2.7613526898441D-03  6.461D-05
   37.450000   -2.7613534749636D-03  6.461D-05
   37.500000   -2.7613542548596D-03  6.461D-05
   37.550000   -2.7613550295737D-03  6.461D-05
   37.600000   -2.7613557991471D-03  6.461D-05
   37.650000   -2.7613565636207D-03  6.461D-05
   37.700000   -2.7613573230351D-03  6.461D-05
   37.750000   -2.7613580774302D-03  6.461D-05
   37.800000   -2.7613588268460D-03  6.461D-05
   37.850000   -2.7613595713218D-03  6.461D-05
   37.900000   -2.7613603108966D-03  6.461D-05
   37.950000   -2.7613610456091D-03  6.461D-05
   38.000000   -2.7613617754975D-03  6.461D-05
   38.050000   -2.7613625005999D-03  6.461D-05
   38.100000   -2.7613632209539D-03  6.461D-05
   38.150000   -2.7613639365966D-03  6.461D-05
   38.200000   -2.7613646475652D-03  6.461D-05
   38.250000   -2.7613653538960D-03  6.461D-05
   38.300000   -2.7613660556254D-03  6.461D-05
   38.350000   -2.7613667527894D-03  6.461D-05
   38.400000   -2.7613674454235D-03  6.461D-05
   38.450000   -2.7613681335629D-03  6.461D-05
   38.500000   -2.7613688172427D-03  6.461D-05
   38.550000   -2.7613694964975D-03  6.461D-05
   38.600000   -2.7613701713615D-03  6.461D-05
   38.650000   -2.7613708418689D-03  6.461D-05
   38.700000   -2.7613715080533D-03  6.461D-05
   38.750000   -2.7613721699481D-03  6.461D-05
   38.800000   -2.7613728275865D-03  6.461D-05
   38.850000   -2.7613734810011D-03  6.461D-05
   38.900000   -2.7613741302246D-03  6.461D-05
   38.950000   -2.7613747752892D-03  6.461D-05
   39.000000   -2.7613754162267D-03  6.461D-05
   39.050000   -2.7613760530689D-03  6.461D-05
   39.100000   -2.7613766858471D-03  6.461D-05
   39.150000   -2.7613773145923D-03  6.461D-05
   39.200000   -2.7613779393354D-03  6.461D-05
   39.250000   -2.7613785601070D-03  6.461D-05
   39.300000   -2.7613791769371D-03  6.461D-05
   39.350000   -2.7613797898560D-03  6.461D-05
   39.400000   -2.7613803988932D-03  6.461D-05
   39.450000   -2.7613810040783D-03  6.461D-05
   39.500000   -2.7613816054404D-03  6.461D-05
   39.550000   -2.7613822030085D-03  6.461D-05
   39.600000   -2.7613827968112D-03  6.461D-05
   39.650000   -2.7613833868771D-03  6.461D-05
   39.700000   -2.7613839732343D-03  6.461D-05
   39.750000   -2.7613845559107D-03  6.461D-05
   39.800000   -2.7613851349340D-03  6.461D-05
   39.850000   -2.7613857103317D-03  6.461D-05
   39.900000   -2.7613862821309D-03  6.461D-05
   39.950000   -2.7613868503587D-03  6.461D-05
   40.000000   -2.7613874150418D-03  6.461D-05
   40.050000   -2.7613879762067D-03  6.461D-05
   40.100000   -2.7613885338797D-03  6.461D-05
   40.150000   -2.7613890880867D-03  6.461D-05
   40.200000   -2.7613896388536D-03  6.461D-05
   40.250000   -2.7613901862061D-03  6.461D-05
   40.300000   -2.7613907301694D-03  6.461D-05
   40.350000   -2.7613912707688D-03  6.461D-05
   40.400000   -2.7613918080291D-03  6.461D-05
   40.450000   -2.7613923419751D-03  6.461D-05
   40.500000   -2.7613928726313D-03  6.461D-05
   40.550000   -2.7613934000219D-03  6.461D-05
   40.600000   -2.7613939241712D-03  6.461D-05
   40.650000   -2.7613944451028D-03  6.461D-05
   40.700000   -2.7613949628406D-03  6.461D-05
   40.750000   -2.7613954774079D-03  6.461D-05
   40.800000   -2.7613959888282D-03  6.461D-05
   40.850000   -2.7613964971243D-03  6.461D-05
   40.900000   -2.7613970023192D-03  6.461D-05
   40.950000   -2.7613975044356D-03  6.461D-05
   41.000000   -2.7613980034959D-03  6.461D-05
   41.050000   -2.7613984995225D-03  6.461D-05
   41.100000   -2.7613989925374D-03  6.461D-05
   41.150000   -2.7613994825626D-03  6.461D-05
   41.200000   -2.7613999696198D-03  6.461D-05
   41.250000   -2.7614004537305D-03  6.461D-05
   41.300000   -2.7614009349161D-03  6.461D-05
   41.350000   -2.7614014131979D-03  6.461D-05
   41.400000   -2.7614018885967D-03  6.461D-05
   41.450000   -2.7614023611334D-03  6.461D-05
   41.500000   -2.7614028308287D-03  6.461D-05
   41.550000   -2.7614032977031D-03  6.461D-05
   41.600000   -2.7614037617768D-03  6.461D-05
   41.650000   -2.7614042230700D-03  6.461D-05
   41.700000   -2.7614046816026D-03  6.461D-05
   41.750000   -2.7614051373945D-03  6.461D-05
   41.800000   -2.7614055904653D-03  6.461D-05
   41.850000   -2.7614060408345D-03  6.461D-05
   41.900000   -2.7614064885214D-03  6.461D-05
   41.950000   -2.7614069335450D-03  6.461D-05
   42.000000   -2.7614073759245D-03  6.461D-05
   42.050000   -2.7614078156786D-03  6.461D-05
   42.100000   -2.7614082528261D-03  6.461D-05
   42.150000   -2.7614086873853D-03  6.461D-05
   42.200000   -2.7614091193748D-03  6.461D-05
   42.250000   -2.7614095488127D-03  6.461D-05
   42.300000   -2.7614099757170D-03  6.461D-05
   42.350000   -2.7614104001058D-03  6.461D-05
   42.400000   -2.7614108219967D-03  6.461D-05
   42.450000   -2.7614112414074D-03  6.461D-05
   42.500000   -2.7614116583553D-03  6.461D-05
   42.550000   -2.7614120728579D-03  6.461D-05
   42.600000   -2.7614124849322D-03  6.461D-05
   42.650000   -2.7614128945954D-03  6.461D-05
   42.700000   -2.7614133018643D-03  6.461D-05
   42.750000   -2.7614137067557D-03  6.461D-05
   42.800000   -2.7614141092862D-03  6.461D-05
   42.850000   -2.7614145094724D-03  6.461D-05
   42.900000   -2.7614149073307D-03  6.461D-05
   42.950000   -2.7614153028771D-03  6.461D-05
   43.000000   -2.7614156961279D-03  6.461D-05
   43.050000   -2.7614160870991D-03  6.461D-05
   43.100000   -2.7614164758064D-03  6.461D-05
   43.150000   -2.7614168622655D-03  6.461D-05
   43.200000   -2.7614172464921D-03  6.461D-05
   43.250000   -2.7614176285016D-03  6.461D-05
   43.300000   -2.7614180083094D-03  6.461D-05
   43.350000   -2.7614183859306D-03  6.461D-05
   43.400000   -2.7614187613803D-03  6.461D-05
   43.450000   -2.7614191346736D-03  6.461D-05
   43.500000   -2.7614195058252D-03  6.461D-05
   43.550000   -2.7614198748499D-03  6.461D-05
   43.600000   -2.7614202417623D-03  6.461D-05
   43.650000   -2.7614206065769D-03  6.461D-05
   43.700000   -2.7614209693080D-03  6.461D-05
   43.750000   -2.7614213299700D-03  6.461D-05
   43.800000   -2.7614216885769D-03  6.461D-05
   43.850000   -2.7614220451429D-03  6.461D-05
   43.900000   -2.7614223996817D-03  6.461D-05
   43.950000   -2.7614227522073D-03  6.461D-05
   44.000000   -2.7614231027334D-03  6.461D-05
   44.050000   -2.7614234512735D-03  6.461D-05
   44.100000   -2.7614237978411D-03  6.461D-05
   44.150000   -2.7614241424497D-03  6.461D-05
   44.200000   -2.7614244851124D-03  6.461D-05
   44.250000   -2.7614248258425D-03  6.461D-05
   44.300000   -2.7614251646529D-03  6.461D-05
   44.350000   -2.7614255015568D-03  6.461D-05
   44.400000   -2.7614258365669D-03  6.461D-05
   44.450000   -2.7614261696960D-03  6.461D-05
   44.500000   -2.7614265009568D-03  6.461D-05
   44.550000   -2.7614268303617D-03  6.461D-05
   44.600000   -2.7614271579234D-03  6.461D-05
   44.650000   -2.7614274836541D-03  6.461D-05
   44.700000   -2.7614278075661D-03  6.461D-05
   44.750000   -2.7614281296716D-03  6.461D-05
   44.800000   -2.7614284499827D-03  6.461D-05
   44.850000   -2.7614287685113D-03  6.461D-05
   44.900000   -2.7614290852693D-03  6.461D-05
   44.950000   -2.7614294002686D-03  6.461D-05
   45.000000   -2.7614297135208D-03  6.461D-05
   45.050000   -2.7614300250376D-03  6.461D-05
   45.100000   -2.7614303348304D-03  6.461D-05
   45.150000   -2.7614306429107D-03  6.461D-05
   45.200000   -2.7614309492899D-03  6.461D-05
   45.250000   -2.7614312539792D-03  6.461D-05
   45.300000   -2.7614315569898D-03  6.461D-05
   45.350000   -2.7614318583328D-03  6.461D-05
   45.400000   -2.7614321580192D-03  6.461D-05
   45.450000   -2.7614324560598D-03  6.461D-05
   45.500000   -2.7614327524656D-03  6.461D-05
   45.550000   -2.7614330472472D-03  6.461D-05
   45.600000   -2.7614333404154D-03  6.461D-05
   45.650000   -2.7614336319807D-03  6.461D-05
   45.700000   -2.7614339219537D-03  6.461D-05
   45.750000   -2.7614342103447D-03  6.461D-05
   45.800000   -2.7614344971641D-03  6.461D-05
   45.850000   -2.7614347824222D-03  6.461D-05
   45.900000   -2.7614350661291D-03  6.461D-05
   45.950000   -2.7614353482951D-03  6.461D-05
   46.000000   -2.7614356289300D-03  6.461D-05
   46.050000   -2.7614359080438D-03  6.461D-05
   46.100000   -2.7614361856466D-03  6.461D-05
   46.150000   -2.7614364617479D-03  6.461D-05
   46.200000   -2.7614367363577D-03  6.461D-05
   46.250000   -2.7614370094854D-03  6.461D-05
   46.300000   -2.7614372811409D-03  6.461D-05
   46.350000   -2.7614375513334D-03  6.461D-05
   46.400000   -2.7614378200725D-03  6.461D-05
   46.450000   -2.7614380873676D-03  6.461D-05
   46.500000   -2.7614383532280D-03  6.461D-05
   46.550000   -2.7614386176628D-03  6.461D-05
   46.600000   -2.7614388806813D-03  6.461D-05
   46.650000   -2.7614391422926D-03  6.461D-05
   46.700000   -2.7614394025056D-03  6.461D-05
   46.750000   -2.7614396613293D-03  6.461D-05
   46.800000   -2.7614399187727D-03  6.461D-05
   46.850000   -2.7614401748445D-03  6.461D-05
   46.900000   -2.7614404295535D-03  6.461D-05
   46.950000   -2.7614406829084D-03  6.461D-05
   47.000000   -2.7614409349178D-03  6.461D-05
   47.050000   -2.7614411855903D-03  6.461D-05
   47.100000   -2.7614414349345D-03  6.461D-05
   47.150000   -2.7614416829586D-03  6.461D-05
   47.200000   -2.7614419296712D-03  6.461D-05
   47.250000   -2.7614421750805D-03  6.461D-05
   47.300000   -2.7614424191947D-03  6.461D-05
   47.350000   -2.7614426620222D-03  6.461D-05
   47.400000   -2.7614429035709D-03  6.461D-05
   47.450000   -2.7614431438490D-03  6.461D-05
   47.500000   -2.7614433828645D-03  6.461D-05
   47.550000   -2.7614436206253D-03  6.461D-05
   47.600000   -2.7614438571393D-03  6.461D-05
   47.650000   -2.7614440924145D-03  6.461D-05
   47.700000   -2.7614443264584D-03  6.461D-05
   47.750000   -2.7614445592790D-03  6.461D-05
   47.800000   -2.7614447908837D-03  6.461D-05
   47.850000   -2.7614450212804D-03  6.461D-05
   47.900000   -2.7614452504764D-03  6.461D-05
   47.950000   -2.7614454784793D-03  6.461D-05
   48.000000   -2.7614457052966D-03  6.461D-05
   48.050000   -2.7614459309356D-03  6.461D-05
   48.100000   -2.7614461554037D-03  6.461D-05
   48.150000   -2.7614463787082D-03  6.461D-05
   48.200000   -2.7614466008562D-03  6.461D-05
   48.250000   -2.7614468218550D-03  6.461D-05
   48.300000   -2.7614470417118D-03  6.461D-05
   48.350000   -2.7614472604334D-03  6.461D-05
   48.400000   -2.7614474780271D-03  6.461D-05
   48.450000   -2.7614476944998D-03  6.461D-05
   48.500000   -2.7614479098583D-03  6.461D-05
   48.550000   -2.7614481241096D-03  6.461D-05
   48.600000   -2.7614483372606D-03  6.461D-05
   48.650000   -2.7614485493178D-03  6.461D-05
   48.700000   -2.7614487602882D-03  6.461D-05
   48.750000   -2.7614489701783D-03  6.461D-05
   48.800000   -2.7614491789949D-03  6.461D-05
   48.850000   -2.7614493867444D-03  6.461D-05
   48.900000   -2.7614495934334D-03  6.461D-05
   48.950000   -2.7614497990685D-03  6.461D-05
   49.000000   -2.7614500036560D-03  6.461D-05
   49.050000   -2.7614502072024D-03  6.461D-05
   49.100000   -2.7614504097139D-03  6.461D-05
   49.150000   -2.7614506111970D-03  6.461D-05
   49.200000   -2.7614508116578D-03  6.461D-05
   49.250000   -2.7614510111027D-03  6.461D-05
   49.300000   -2.7614512095377D-03  6.461D-05
   49.350000   -2.7614514069689D-03  6.461D-05
   49.400000   -2.7614516034026D-03  6.461D-05
   49.450000   -2.7614517988447D-03  6.461D-05
   49.500000   -2.7614519933012D-03  6.461D-05
   49.550000   -2.7614521867780D-03  6.461D-05
   49.600000   -2.7614523792812D-03  6.461D-05
   49.650000   -2.7614525708165D-03  6.461D-05
   49.700000   -2.7614527613899D-03  6.461D-05
   49.750000   -2.7614529510070D-03  6.461D-05
   49.800000   -2.7614531396737D-03  6.461D-05
   49.850000   -2.7614533273956D-03  6.461D-05
   49.900000   -2.7614535141785D-03  6.461D-05
   49.950000   -2.7614537000279D-03  6.461D-05
   50.000000   -2.7614538849495D-03  6.461D-05
   50.050000   -2.7614540689488D-03  6.461D-05
   50.100000   -2.7614542520313D-03  6.461D-05
   50.150000   -2.7614544342025D-03  6.461D-05
   50.200000   -2.7614546154678D-03  6.461D-05
   50.250000   -2.7614547958326D-03  6.461D-05
   50.300000   -2.7614549753024D-03  6.461D-05
   50.350000   -2.7614551538824D-03  6.461D-05
   50.400000   -2.7614553315779D-03  6.461D-05
   50.450000   -2.7614555083941D-03  6.461D-05
   50.500000   -2.7614556843363D-03  6.461D-05
   50.550000   -2.7614558594097D-03  6.461D-05
   50.600000   -2.7614560336194D-03  6.461D-05
   50.650000   -2.7614562069705D-03  6.461D-05
   50.700000   -2.7614563794680D-03  6.461D-05
   50.750000   -2.7614565511171D-03  6.461D-05
   50.800000   -2.7614567219227D-03  6.461D-05
   50.850000   -2.7614568918898D-03  6.461D-05
   50.900000   -2.7614570610233D-03  6.461D-05
   50.950000   -2.7614572293282D-03  6.461D-05
   51.000000   -2.7614573968092D-03  6.461D-05
   51.050000   -2.7614575634713D-03  6.461D-05
   51.100000   -2.7614577293192D-03  6.461D-05
   51.150000   -2.7614578943577D-03  6.461D-05
   51.200000   -2.7614580585915D-03  6.461D-05
   51.250000   -2.7614582220254D-03  6.461D-05
   51.300000   -2.7614583846639D-03  6.461D-05
   51.350000   -2.7614585465119D-03  6.461D-05
   51.400000   -2.7614587075737D-03  6.461D-05
   51.450000   -2.7614588678541D-03  6.461D-05
   51.500000   -2.7614590273576D-03  6.461D-05
   51.550000   -2.7614591860887D-03  6.461D-05
   51.600000   -2.7614593440518D-03  6.461D-05
   51.650000   -2.7614595012515D-03  6.461D-05
   51.700000   -2.7614596576921D-03  6.461D-05
   51.750000   -2.7614598133781D-03  6.461D-05
   51.800000   -2.7614599683138D-03  6.461D-05
   51.850000   -2.7614601225035D-03  6.461D-05
   51.900000   -2.7614602759516D-03  6.461D-05
   51.950000   -2.7614604286623D-03  6.461D-05
   52.000000   -2.7614605806399D-03  6.461D-05
   52.050000   -2.7614607318886D-03  6.461D-05
   52.100000   -2.7614608824125D-03  6.461D-05
   52.150000   -2.7614610322160D-03  6.461D-05
   52.200000   -2.7614611813030D-03  6.461D-05
   52.250000   -2.7614613296776D-03  6.461D-05
   52.300000   -2.7614614773441D-03  6.461D-05
   52.350000   -2.7614616243064D-03  6.461D-05
   52.400000   -2.7614617705685D-03  6.461D-05
   52.450000   -2.7614619161345D-03  6.461D-05
   52.500000   -2.7614620610084D-03  6.461D-05
   52.550000   -2.7614622051939D-03  6.461D-05
   52.600000   -2.7614623486952D-03  6.461D-05
   52.650000   -2.7614624915161D-03  6.461D-05
   52.700000   -2.7614626336604D-03  6.461D-05
   52.750000   -2.7614627751319D-03  6.461D-05
   52.800000   -2.7614629159346D-03  6.461D-05
   52.850000   -2.7614630560722D-03  6.461D-05
   52.900000   -2.7614631955485D-03  6.461D-05
   52.950000   -2.7614633343672D-03  6.461D-05
   53.000000   -2.7614634725320D-03  6.461D-05
   53.050000   -2.7614636100466D-03  6.461D-05
   53.100000   -2.7614637469147D-03  6.461D-05
   53.150000   -2.7614638831399D-03  6.461D-05
   53.200000   -2.7614640187259D-03  6.461D-05
   53.250000   -2.7614641536762D-03  6.461D-05
   53.300000   -2.7614642879944D-03  6.461D-05
   53.350000   -2.7614644216841D-03  6.461D-05
   53.400000   -2.7614645547488D-03  6.461D-05
   53.450000   -2.7614646871920D-03  6.461D-05
   53.500000   -2.7614648190172D-03  6.461D-05
   53.550000   -2.7614649502278D-03  6.461D-05
   53.600000   -2.7614650808273D-03  6.461D-05
   53.650000   -2.7614652108190D-03  6.461D-05
   53.700000   -2.7614653402064D-03  6.461D-05
   53.750000   -2.7614654689929D-03  6.461D-05
   53.800000   -2.7614655971818D-03  6.461D-05
   53.850000   -2.7614657247763D-03  6.461D-05
   53.900000   -2.7614658517799D-03  6.461D-05
   53.950000   -2.7614659781958D-03  6.461D-05
   54.000000   -2.7614661040272D-03  6.461D-05
   54.050000   -2.7614662292774D-03  6.461D-05
   54.100000   -2.7614663539497D-03  6.461D-05
   54.150000   -2.7614664780471D-03  6.461D-05
   54.200000   -2.7614666015730D-03  6.461D-05
   54.250000   -2.7614667245304D-03  6.461D-05
   54.300000   -2.7614668469224D-03  6.461D-05
   54.350000   -2.7614669687523D-03  6.461D-05
   54.400000   -2.7614670900231D-03  6.461D-05
   54.450000   -2.7614672107378D-03  6.461D-05
   54.500000   -2.7614673308995D-03  6.461D-05
   54.550000   -2.7614674505114D-03  6.461D-05
   54.600000   -2.7614675695763D-03  6.461D-05
   54.650000   -2.7614676880973D-03  6.461D-05
   54.700000   -2.7614678060773D-03  6.461D-05
   54.750000   -2.7614679235194D-03  6.461D-05
   54.800000   -2.7614680404264D-03  6.461D-05
   54.850000   -2.7614681568013D-03  6.461D-05
   54.900000   -2.7614682726470D-03  6.461D-05
   54.950000   -2.7614683879663D-03  6.461D-05
   55.000000   -2.7614685027622D-03  6.461D-05
   55.050000   -2.7614686170375D-03  6.461D-05
   55.100000   -2.7614687307950D-03  6.461D-05
   55.150000   -2.7614688440375D-03  6.461D-05
   55.200000   -2.7614689567679D-03  6.461D-05
   55.250000   -2.7614690689888D-03  6.461D-05
   55.300000   -2.7614691807031D-03  6.461D-05
   55.350000   -2.7614692919136D-03  6.461D-05
   55.400000   -2.7614694026228D-03  6.461D-05
   55.450000   -2.7614695128336D-03  6.461D-05
   55.500000   -2.7614696225486D-03  6.461D-05
   55.550000   -2.7614697317705D-03  6.461D-05
   55.600000   -2.7614698405020D-03  6.461D-05
   55.650000   -2.7614699487457D-03  6.461D-05
   55.700000   -2.7614700565042D-03  6.461D-05
   55.750000   -2.7614701637801D-03  6.461D-05
   55.800000   -2.7614702705760D-03  6.461D-05
   55.850000   -2.7614703768946D-03  6.461D-05
   55.900000   -2.7614704827383D-03  6.461D-05
   55.950000   -2.7614705881097D-03  6.461D-05
   56.000000   -2.7614706930113D-03  6.461D-05
   56.050000   -2.7614707974456D-03  6.461D-05
   56.100000   -2.7614709014152D-03  6.461D-05
   56.150000   -2.7614710049225D-03  6.461D-05
   56.200000   -2.7614711079700D-03  6.461D-05
   56.250000   -2.7614712105600D-03  6.461D-05
   56.300000   -2.7614713126952D-03  6.461D-05
   56.350000   -2.7614714143778D-03  6.461D-05
   56.400000   -2.7614715156103D-03  6.461D-05
   56.450000   -2.7614716163951D-03  6.461D-05
   56.500000   -2.7614717167345D-03  6.461D-05
   56.550000   -2.7614718166309D-03  6.461D-05
   56.600000   -2.7614719160867D-03  6.461D-05
   56.650000   -2.7614720151041D-03  6.461D-05
   56.700000   -2.7614721136855D-03  6.461D-05
   56.750000   -2.7614722118333D-03  6.461D-05
   56.800000   -2.7614723095496D-03  6.461D-05
   56.850000   -2.7614724068368D-03  6.461D-05
   56.900000   -2.7614725036970D-03  6.461D-05
   56.950000   -2.7614726001327D-03  6.461D-05
   57.000000   -2.7614726961459D-03  6.461D-05
   57.050000   -2.7614727917390D-03  6.461D-05
   57.100000   -2.7614728869141D-03  6.461D-05
   57.150000   -2.7614729816733D-03  6.461D-05
   57.200000   -2.7614730760190D-03  6.461D-05
   57.250000   -2.7614731699532D-03  6.461D-05
   57.300000   -2.7614732634782D-03  6.461D-05
   57.350000   -2.7614733565959D-03  6.461D-05
   57.400000   -2.7614734493087D-03  6.461D-05
   57.450000   -2.7614735416185D-03  6.461D-05
   57.500000   -2.7614736335275D-03  6.461D-05
   57.550000   -2.7614737250377D-03  6.461D-05
   57.600000   -2.7614738161513D-03  6.461D-05
   57.650000   -2.7614739068703D-03  6.461D-05
   57.700000   -2.7614739971967D-03  6.461D-05
   57.750000   -2.7614740871326D-03  6.461D-05
   57.800000   -2.7614741766801D-03  6.461D-05
   57.850000   -2.7614742658410D-03  6.461D-05
   57.900000   -2.7614743546175D-03  6.461D-05
   57.950000   -2.7614744430115D-03  6.461D-05
   58.000000   -2.7614745310250D-03  6.461D-05
   58.050000   -2.7614746186599D-03  6.461D-05
   58.100000   -2.7614747059182D-03  6.461D-05
   58.150000   -2.7614747928019D-03  6.461D-05
   58.200000   -2.7614748793128D-03  6.461D-05
   58.250000   -2.7614749654529D-03  6.461D-05
   58.300000   -2.7614750512241D-03  6.461D-05
   58.350000   -2.7614751366283D-03  6.461D-05
   58.400000   -2.7614752216674D-03  6.461D-05
   58.450000   -2.7614753063432D-03  6.461D-05
   58.500000   -2.7614753906576D-03  6.461D-05
   58.550000   -2.7614754746125D-03  6.461D-05
   58.600000   -2.7614755582096D-03  6.461D-05
   58.650000   -2.7614756414509D-03  6.461D-05
   58.700000   -2.7614757243381D-03  6.461D-05
   58.750000   -2.7614758068731D-03  6.461D-05
   58.800000   -2.7614758890576D-03  6.461D-05
   58.850000   -2.7614759708934D-03  6.461D-05
   58.900000   -2.7614760523823D-03  6.461D-05
   58.950000   -2.7614761335260D-03  6.461D-05
   59.000000   -2.7614762143264D-03  6.461D-05
   59.050000   -2.7614762947851D-03  6.461D-05
   59.100000   -2.7614763749039D-03  6.461D-05
   59.150000   -2.7614764546845D-03  6.461D-05
   59.200000   -2.7614765341286D-03  6.461D-05
   59.250000   -2.7614766132379D-03  6.461D-05
   59.300000   -2.7614766920142D-03  6.461D-05
   59.350000   -2.7614767704590D-03  6.461D-05
   59.400000   -2.7614768485741D-03  6.461D-05
   59.450000   -2.7614769263611D-03  6.461D-05
   59.500000   -2.7614770038217D-03  6.461D-05
   59.550000   -2.7614770809575D-03  6.461D-05
   59.600000   -2.7614771577702D-03  6.461D-05
   59.650000   -2.7614772342613D-03  6.461D-05
   59.700000   -2.7614773104325D-03  6.461D-05
   59.750000   -2.7614773862855D-03  6.461D-05
   59.800000   -2.7614774618217D-03  6.461D-05
   59.850000   -2.7614775370428D-03  6.461D-05
   59.900000   -2.7614776119503D-03  6.461D-05
   59.950000   -2.7614776865458D-03  6.461D-05
   60.000000   -2.7614777608310D-03  6.461D-05
   60.050000   -2.7614778348072D-03  6.461D-05
   60.100000   -2.7614779084761D-03  6.461D-05
   60.150000   -2.7614779818392D-03  6.461D-05
   60.200000   -2.7614780548981D-03  6.461D-05
   60.250000   -2.7614781276541D-03  6.461D-05
   60.300000   -2.7614782001089D-03  6.461D-05
   60.350000   -2.7614782722639D-03  6.461D-05
   60.400000   -2.7614783441206D-03  6.461D-05
   60.450000   -2.7614784156806D-03  6.461D-05
   60.500000   -2.7614784869451D-03  6.461D-05
   60.550000   -2.7614785579159D-03  6.461D-05
   60.600000   -2.7614786285942D-03  6.461D-05
   60.650000   -2.7614786989815D-03  6.461D-05
   60.700000   -2.7614787690793D-03  6.461D-05
   60.750000   -2.7614788388889D-03  6.461D-05
   60.800000   -2.7614789084119D-03  6.461D-05
   60.850000   -2.7614789776496D-03  6.461D-05
   60.900000   -2.7614790466034D-03  6.461D-05
   60.950000   -2.7614791152748D-03  6.461D-05
   61.000000   -2.7614791836650D-03  6.461D-05
   61.050000   -2.7614792517756D-03  6.461D-05
   61.100000   -2.7614793196077D-03  6.461D-05
   61.150000   -2.7614793871630D-03  6.461D-05
   61.200000   -2.7614794544426D-03  6.461D-05
   61.250000   -2.7614795214479D-03  6.461D-05
   61.300000   -2.7614795881803D-03  6.461D-05
   61.350000   -2.7614796546410D-03  6.461D-05
   61.400000   -2.7614797208316D-03  6.461D-05
   61.450000   -2.7614797867531D-03  6.461D-05
   61.500000   -2.7614798524070D-03  6.461D-05
   61.550000   -2.7614799177946D-03  6.461D-05
   61.600000   -2.7614799829171D-03  6.461D-05
   61.650000   -2.7614800477759D-03  6.461D-05
   61.700000   -2.7614801123721D-03  6.461D-05
   61.750000   -2.7614801767072D-03  6.461D-05
   61.800000   -2.7614802407823D-03  6.461D-05
   61.850000   -2.7614803045988D-03  6.461D-05
   61.900000   -2.7614803681578D-03  6.461D-05
   61.950000   -2.7614804314607D-03  6.461D-05
   62.000000   -2.7614804945086D-03  6.461D-05
   62.050000   -2.7614805573028D-03  6.461D-05
   62.100000   -2.7614806198444D-03  6.461D-05
   62.150000   -2.7614806821349D-03  6.461D-05
   62.200000   -2.7614807441752D-03  6.461D-05
   62.250000   -2.7614808059668D-03  6.461D-05
   62.300000   -2.7614808675106D-03  6.461D-05
   62.350000   -2.7614809288080D-03  6.461D-05
   62.400000   -2.7614809898601D-03  6.461D-05
   62.450000   -2.7614810506680D-03  6.461D-05
   62.500000   -2.7614811112331D-03  6.461D-05
   62.550000   -2.7614811715564D-03  6.461D-05
   62.600000   -2.7614812316390D-03  6.461D-05
   62.650000   -2.7614812914822D-03  6.461D-05
   62.700000   -2.7614813510870D-03  6.461D-05
   62.750000   -2.7614814104547D-03  6.461D-05
   62.800000   -2.7614814695863D-03  6.461D-05
   62.850000   -2.7614815284830D-03  6.461D-05
   62.900000   -2.7614815871459D-03  6.461D-05
   62.950000   -2.7614816455761D-03  6.461D-05
   63.000000   -2.7614817037747D-03  6.461D-05
   63.050000   -2.7614817617428D-03  6.461D-05
   63.100000   -2.7614818194815D-03  6.461D-05
   63.150000   -2.7614818769919D-03  6.461D-05
   63.200000   -2.7614819342751D-03  6.461D-05
   63.250000   -2.7614819913321D-03  6.461D-05
   63.300000   -2.7614820481641D-03  6.461D-05
   63.350000   -2.7614821047720D-03  6.461D-05
   63.400000   -2.7614821611570D-03  6.461D-05
   63.450000   -2.7614822173201D-03  6.461D-05
   63.500000   -2.7614822732624D-03  6.461D-05
   63.550000   -2.7614823289848D-03  6.461D-05
   63.600000   -2.7614823844884D-03  6.461D-05
   63.650000   -2.7614824397744D-03  6.461D-05
   63.700000   -2.7614824948435D-03  6.461D-05
   63.750000   -2.7614825496970D-03  6.461D-05
   63.800000   -2.7614826043358D-03  6.461D-05
   63.850000   -2.7614826587609D-03  6.461D-05
   63.900000   -2.7614827129734D-03  6.461D-05
   63.950000   -2.7614827669741D-03  6.461D-05
   64.000000   -2.7614828207642D-03  6.461D-05
   64.050000   -2.7614828743445D-03  6.461D-05
   64.100000   -2.7614829277161D-03  6.461D-05
   64.150000   -2.7614829808800D-03  6.461D-05
   64.200000   -2.7614830338371D-03  6.461D-05
   64.250000   -2.7614830865883D-03  6.461D-05
   64.300000   -2.7614831391348D-03  6.461D-05
   64.350000   -2.7614831914773D-03  6.461D-05
   64.400000   -2.7614832436168D-03  6.461D-05
   64.450000   -2.7614832955543D-03  6.461D-05
   64.500000   -2.7614833472908D-03  6.461D-05
   64.550000   -2.7614833988271D-03  6.461D-05
   64.600000   -2.7614834501642D-03  6.461D-05
   64.650000   -2.7614835013031D-03  6.461D-05
   64.700000   -2.7614835522445D-03  6.461D-05
   64.750000   -2.7614836029895D-03  6.461D-05
   64.800000   -2.7614836535390D-03  6.461D-05
   64.850000   -2.7614837038938D-03  6.461D-05
   64.900000   -2.7614837540548D-03  6.461D-05
   64.950000   -2.7614838040230D-03  6.461D-05
   65.000000   -2.7614838537992D-03  6.461D-05
   65.050000   -2.7614839033844D-03  6.461D-05
   65.100000   -2.7614839527794D-03  6.461D-05
   65.150000   -2.7614840019850D-03  6.461D-05
   65.200000   -2.7614840510022D-03  6.461D-05
   65.250000   -2.7614840998318D-03  6.461D-05
   65.300000   -2.7614841484746D-03  6.461D-05
   65.350000   -2.7614841969316D-03  6.461D-05
   65.400000   -2.7614842452036D-03  6.461D-05
   65.450000   -2.7614842932914D-03  6.461D-05
   65.500000   -2.7614843411959D-03  6.461D-05
   65.550000   -2.7614843889178D-03  6.461D-05
   65.600000   -2.7614844364582D-03  6.461D-05
   65.650000   -2.7614844838176D-03  6.461D-05
   65.700000   -2.7614845309971D-03  6.461D-05
   65.750000   -2.7614845779974D-03  6.461D-05
   65.800000   -2.7614846248193D-03  6.461D-05
   65.850000   -2.7614846714637D-03  6.461D-05
   65.900000   -2.7614847179313D-03  6.461D-05
   65.950000   -2.7614847642230D-03  6.461D-05
   66.000000   -2.7614848103395D-03  6.461D-05
   66.050000   -2.7614848562817D-03  6.461D-05
   66.100000   -2.7614849020503D-03  6.461D-05
   66.150000   -2.7614849476461D-03  6.461D-05
   66.200000   -2.7614849930700D-03  6.461D-05
   66.250000   -2.7614850383226D-03  6.461D-05
   66.300000   -2.7614850834048D-03  6.461D-05
   66.350000   -2.7614851283173D-03  6.461D-05
   66.400000   -2.7614851730609D-03  6.461D-05
   66.450000   -2.7614852176363D-03  6.461D-05
   66.500000   -2.7614852620444D-03  6.461D-05
   66.550000   -2.7614853062858D-03  6.461D-05
   66.600000   -2.7614853503614D-03  6.461D-05
   66.650000   -2.7614853942718D-03  6.461D-05
   66.700000   -2.7614854380178D-03  6.461D-05
   66.750000   -2.7614854816002D-03  6.461D-05
   66.800000   -2.7614855250196D-03  6.461D-05
   66.850000   -2.7614855682768D-03  6.461D-05
   66.900000   -2.7614856113726D-03  6.461D-05
   66.950000   -2.7614856543076D-03  6.461D-05
   67.000000   -2.7614856970826D-03  6.461D-05
   67.050000   -2.7614857396983D-03  6.461D-05
   67.100000   -2.7614857821554D-03  6.461D-05
   67.150000   -2.7614858244546D-03  6.461D-05
   67.200000   -2.7614858665966D-03  6.461D-05
   67.250000   -2.7614859085822D-03  6.461D-05
   67.300000   -2.7614859504119D-03  6.461D-05
   67.350000   -2.7614859920865D-03  6.461D-05
   67.400000   -2.7614860336068D-03  6.461D-05
   67.450000   -2.7614860749733D-03  6.461D-05
   67.500000   -2.7614861161867D-03  6.461D-05
   67.550000   -2.7614861572478D-03  6.461D-05
   67.600000   -2.7614861981573D-03  6.461D-05
   67.650000   -2.7614862389157D-03  6.461D-05
   67.700000   -2.7614862795238D-03  6.461D-05
   67.750000   -2.7614863199821D-03  6.461D-05
   67.800000   -2.7614863602915D-03  6.461D-05
   67.850000   -2.7614864004525D-03  6.461D-05
   67.900000   -2.7614864404658D-03  6.461D-05
   67.950000   -2.7614864803321D-03  6.461D-05
   68.000000   -2.7614865200519D-03  6.461D-05
   68.050000   -2.7614865596260D-03  6.461D-05
   68.100000   -2.7614865990550D-03  6.461D-05
   68.150000   -2.7614866383395D-03  6.461D-05
   68.200000   -2.7614866774801D-03  6.461D-05
   68.250000   -2.7614867164776D-03  6.461D-05
   68.300000   -2.7614867553324D-03  6.461D-05
   68.350000   -2.7614867940453D-03  6.461D-05
   68.400000   -2.7614868326168D-03  6.461D-05
   68.450000   -2.7614868710476D-03  6.461D-05
   68.500000   -2.7614869093384D-03  6.461D-05
   68.550000   -2.7614869474896D-03  6.461D-05
   68.600000   -2.7614869855019D-03  6.461D-05
   68.650000   -2.7614870233760D-03  6.461D-05
   68.700000   -2.7614870611124D-03  6.461D-05
   68.750000   -2.7614870987117D-03  6.461D-05
   68.800000   -2.7614871361745D-03  6.461D-05
   68.850000   -2.7614871735015D-03  6.461D-05
   68.900000   -2.7614872106932D-03  6.461D-05
   68.950000   -2.7614872477501D-03  6.461D-05
   69.000000   -2.7614872846730D-03  6.461D-05
   69.050000   -2.7614873214623D-03  6.461D-05
   69.100000   -2.7614873581186D-03  6.461D-05
   69.150000   -2.7614873946426D-03  6.461D-05
   69.200000   -2.7614874310348D-03  6.461D-05
   69.250000   -2.7614874672957D-03  6.461D-05
   69.300000   -2.7614875034260D-03  6.461D-05
   69.350000   -2.7614875394261D-03  6.461D-05
   69.400000   -2.7614875752967D-03  6.461D-05
   69.450000   -2.7614876110384D-03  6.461D-05
   69.500000   -2.7614876466516D-03  6.461D-05
   69.550000   -2.7614876821369D-03  6.461D-05
   69.600000   -2.7614877174949D-03  6.461D-05
   69.650000   -2.7614877527261D-03  6.461D-05
   69.700000   -2.7614877878311D-03  6.461D-05
   69.750000   -2.7614878228104D-03  6.461D-05
   69.800000   -2.7614878576645D-03  6.461D-05
   69.850000   -2.7614878923941D-03  6.461D-05
   69.900000   -2.7614879269996D-03  6.461D-05
   69.950000   -2.7614879614815D-03  6.461D-05
   70.000000   -2.7614879958404D-03  6.461D-05
   70.050000   -2.7614880300768D-03  6.461D-05
   70.100000   -2.7614880641912D-03  6.461D-05
   70.150000   -2.7614880981842D-03  6.461D-05
   70.200000   -2.7614881320563D-03  6.461D-05
   70.250000   -2.7614881658079D-03  6.461D-05
   70.300000   -2.7614881994397D-03  6.461D-05
   70.350000   -2.7614882329520D-03  6.461D-05
   70.400000   -2.7614882663455D-03  6.461D-05
   70.450000   -2.7614882996206D-03  6.461D-05
   70.500000   -2.7614883327779D-03  6.461D-05
   70.550000   -2.7614883658177D-03  6.461D-05
   70.600000   -2.7614883987407D-03  6.461D-05
   70.650000   -2.7614884315474D-03  6.461D-05
   70.700000   -2.7614884642381D-03  6.461D-05
   70.750000   -2.7614884968134D-03  6.461D-05
   70.800000   -2.7614885292739D-03  6.461D-05
   70.850000   -2.7614885616199D-03  6.461D-05
   70.900000   -2.7614885938520D-03  6.461D-05
   70.950000   -2.7614886259706D-03  6.461D-05
   71.000000   -2.7614886579763D-03  6.461D-05
   71.050000   -2.7614886898694D-03  6.461D-05
   71.100000   -2.7614887216506D-03  6.461D-05
   71.150000   -2.7614887533202D-03  6.461D-05
   71.200000   -2.7614887848787D-03  6.461D-05
   71.250000   -2.7614888163266D-03  6.461D-05
   71.300000   -2.7614888476643D-03  6.461D-05
   71.350000   -2.7614888788924D-03  6.461D-05
   71.400000   -2.7614889100112D-03  6.461D-05
   71.450000   -2.7614889410213D-03  6.461D-05
   71.500000   -2.7614889719230D-03  6.461D-05
   71.550000   -2.7614890027169D-03  6.461D-05
   71.600000   -2.7614890334034D-03  6.461D-05
   71.650000   -2.7614890639829D-03  6.461D-05
   71.700000   -2.7614890944559D-03  6.461D-05
   71.750000   -2.7614891248228D-03  6.461D-05
   71.800000   -2.7614891550841D-03  6.461D-05
   71.850000   -2.7614891852403D-03  6.461D-05
   71.900000   -2.7614892152917D-03  6.461D-05
   71.950000   -2.7614892452388D-03  6.461D-05
   72.000000   -2.7614892750820D-03  6.461D-05
   72.050000   -2.7614893048217D-03  6.461D-05
   72.100000   -2.7614893344585D-03  6.461D-05
   72.150000   -2.7614893639926D-03  6.461D-05
   72.200000   -2.7614893934246D-03  6.461D-05
   72.250000   -2.7614894227549D-03  6.461D-05
   72.300000   -2.7614894519839D-03  6.461D-05
   72.350000   -2.7614894811119D-03  6.461D-05
   72.400000   -2.7614895101395D-03  6.461D-05
   72.450000   -2.7614895390671D-03  6.461D-05
   72.500000   -2.7614895678949D-03  6.461D-05
   72.550000   -2.7614895966236D-03  6.461D-05
   72.600000   -2.7614896252534D-03  6.461D-05
   72.650000   -2.7614896537848D-03  6.461D-05
   72.700000   -2.7614896822182D-03  6.461D-05
   72.750000   -2.7614897105540D-03  6.461D-05
   72.800000   -2.7614897387926D-03  6.461D-05
   72.850000   -2.7614897669343D-03  6.461D-05
   72.900000   -2.7614897949797D-03  6.461D-05
   72.950000   -2.7614898229290D-03  6.461D-05
   73.000000   -2.7614898507828D-03  6.461D-05
   73.050000   -2.7614898785413D-03  6.461D-05
   73.100000   -2.7614899062049D-03  6.461D-05
   73.150000   -2.7614899337742D-03  6.461D-05
   73.200000   -2.7614899612493D-03  6.461D-05
   73.250000   -2.7614899886308D-03  6.461D-05
   73.300000   -2.7614900159190D-03  6.461D-05
   73.350000   -2.7614900431143D-03  6.461D-05
   73.400000   -2.7614900702170D-03  6.461D-05
   73.450000   -2.7614900972276D-03  6.461D-05
   73.500000   -2.7614901241464D-03  6.461D-05
   73.550000   -2.7614901509738D-03  6.461D-05
   73.600000   -2.7614901777102D-03  6.461D-05
   73.650000   -2.7614902043559D-03  6.461D-05
   73.700000   -2.7614902309114D-03  6.461D-05
   73.750000   -2.7614902573768D-03  6.461D-05
   73.800000   -2.7614902837528D-03  6.461D-05
   73.850000   -2.7614903100395D-03  6.461D-05
   73.900000   -2.7614903362374D-03  6.461D-05
   73.950000   -2.7614903623468D-03  6.461D-05
   74.000000   -2.7614903883681D-03  6.461D-05
   74.050000   -2.7614904143017D-03  6.461D-05
   74.100000   -2.7614904401478D-03  6.461D-05
   74.150000   -2.7614904659069D-03  6.461D-05
   74.200000   -2.7614904915793D-03  6.461D-05
   74.250000   -2.7614905171653D-03  6.461D-05
   74.300000   -2.7614905426653D-03  6.461D-05
   74.350000   -2.7614905680797D-03  6.461D-05
   74.400000   -2.7614905934088D-03  6.461D-05
   74.450000   -2.7614906186528D-03  6.461D-05
   74.500000   -2.7614906438123D-03  6.461D-05
   74.550000   -2.7614906688875D-03  6.461D-05
   74.600000   -2.7614906938787D-03  6.461D-05
   74.650000   -2.7614907187863D-03  6.461D-05
   74.700000   -2.7614907436107D-03  6.461D-05
   74.750000   -2.7614907683521D-03  6.461D-05
   74.800000   -2.7614907930109D-03  6.461D-05
   74.850000   -2.7614908175874D-03  6.461D-05
   74.900000   -2.7614908420819D-03  6.461D-05
   74.950000   -2.7614908664949D-03  6.461D-05
   75.000000   -2.7614908908265D-03  6.461D-05
   75.050000   -2.7614909150772D-03  6.461D-05
   75.100000   -2.7614909392473D-03  6.461D-05
   75.150000   -2.7614909633370D-03  6.461D-05
   75.200000   -2.7614909873467D-03  6.461D-05
   75.250000   -2.7614910112767D-03  6.461D-05
   75.300000   -2.7614910351273D-03  6.461D-05
   75.350000   -2.7614910588989D-03  6.461D-05
   75.400000   -2.7614910825918D-03  6.461D-05
   75.450000   -2.7614911062062D-03  6.461D-05
   75.500000   -2.7614911297425D-03  6.461D-05
   75.550000   -2.7614911532010D-03  6.461D-05
   75.600000   -2.7614911765820D-03  6.461D-05
   75.650000   -2.7614911998858D-03  6.461D-05
   75.700000   -2.7614912231128D-03  6.461D-05
   75.750000   -2.7614912462631D-03  6.461D-05
   75.800000   -2.7614912693372D-03  6.461D-05
   75.850000   -2.7614912923353D-03  6.461D-05
   75.900000   -2.7614913152577D-03  6.461D-05
   75.950000   -2.7614913381047D-03  6.461D-05
   76.000000   -2.7614913608767D-03  6.461D-05
   76.050000   -2.7614913835739D-03  6.461D-05
   76.100000   -2.7614914061965D-03  6.461D-05
   76.150000   -2.7614914287450D-03  6.461D-05
   76.200000   -2.7614914512196D-03  6.461D-05
   76.250000   -2.7614914736206D-03  6.461D-05
   76.300000   -2.7614914959482D-03  6.461D-05
   76.350000   -2.7614915182028D-03  6.461D-05
   76.400000   -2.7614915403847D-03  6.461D-05
   76.450000   -2.7614915624941D-03  6.461D-05
   76.500000   -2.7614915845313D-03  6.461D-05
   76.550000   -2.7614916064966D-03  6.461D-05
   76.600000   -2.7614916283903D-03  6.461D-05
   76.650000   -2.7614916502126D-03  6.461D-05
   76.700000   -2.7614916719639D-03  6.461D-05
   76.750000   -2.7614916936444D-03  6.461D-05
   76.800000   -2.7614917152544D-03  6.461D-05
   76.850000   -2.7614917367942D-03  6.461D-05
   76.900000   -2.7614917582640D-03  6.461D-05
   76.950000   -2.7614917796642D-03  6.461D-05
   77.000000   -2.7614918009949D-03  6.461D-05
   77.050000   -2.7614918222565D-03  6.461D-05
   77.100000   -2.7614918434492D-03  6.461D-05
   77.150000   -2.7614918645733D-03  6.461D-05
   77.200000   -2.7614918856290D-03  6.461D-05
   77.250000   -2.7614919066167D-03  6.461D-05
   77.300000   -2.7614919275366D-03  6.461D-05
   77.350000   -2.7614919483889D-03  6.461D-05
   77.400000   -2.7614919691739D-03  6.461D-05
   77.450000   -2.7614919898919D-03  6.461D-05
   77.500000   -2.7614920105432D-03  6.461D-05
   77.550000   -2.7614920311279D-03  6.461D-05
   77.600000   -2.7614920516464D-03  6.461D-05
   77.650000   -2.7614920720988D-03  6.461D-05
   77.700000   -2.7614920924856D-03  6.461D-05
   77.750000   -2.7614921128068D-03  6.461D-05
   77.800000   -2.7614921330628D-03  6.461D-05
   77.850000   -2.7614921532539D-03  6.461D-05
   77.900000   -2.7614921733801D-03  6.461D-05
   77.950000   -2.7614921934419D-03  6.461D-05
   78.000000   -2.7614922134395D-03  6.461D-05
   78.050000   -2.7614922333731D-03  6.461D-05
   78.100000   -2.7614922532429D-03  6.461D-05
   78.150000   -2.7614922730492D-03  6.461D-05
   78.200000   -2.7614922927923D-03  6.461D-05
   78.250000   -2.7614923124723D-03  6.461D-05
   78.300000   -2.7614923320896D-03  6.461D-05
   78.350000   -2.7614923516444D-03  6.461D-05
   78.400000   -2.7614923711368D-03  6.461D-05
   78.450000   -2.7614923905672D-03  6.461D-05
   78.500000   -2.7614924099357D-03  6.461D-05
   78.550000   -2.7614924292427D-03  6.461D-05
   78.600000   -2.7614924484883D-03  6.461D-05
   78.650000   -2.7614924676729D-03  6.461D-05
   78.700000   -2.7614924867965D-03  6.461D-05
   78.750000   -2.7614925058595D-03  6.461D-05
   78.800000   -2.7614925248620D-03  6.461D-05
   78.850000   -2.7614925438044D-03  6.461D-05
   78.900000   -2.7614925626868D-03  6.461D-05
   78.950000   -2.7614925815094D-03  6.461D-05
   79.000000   -2.7614926002726D-03  6.461D-05
   79.050000   -2.7614926189765D-03  6.461D-05
   79.100000   -2.7614926376213D-03  6.461D-05
   79.150000   -2.7614926562073D-03  6.461D-05
   79.200000   -2.7614926747346D-03  6.461D-05
   79.250000   -2.7614926932036D-03  6.461D-05
   79.300000   -2.7614927116144D-03  6.461D-05
   79.350000   -2.7614927299673D-03  6.461D-05
   79.400000   -2.7614927482624D-03  6.461D-05
   79.450000   -2.7614927665000D-03  6.461D-05
   79.500000   -2.7614927846803D-03  6.461D-05
   79.550000   -2.7614928028035D-03  6.461D-05
   79.600000   -2.7614928208699D-03  6.461D-05
   79.650000   -2.7614928388796D-03  6.461D-05
   79.700000   -2.7614928568329D-03  6.461D-05
   79.750000   -2.7614928747299D-03  6.461D-05
   79.800000   -2.7614928925710D-03  6.461D-05
   79.850000   -2.7614929103562D-03  6.461D-05
   79.900000   -2.7614929280858D-03  6.461D-05
   79.950000   -2.7614929457601D-03  6.461D-05
   80.000000   -2.7614929633791D-03  6.461D-05
   80.050000   -2.7614929809432D-03  6.461D-05
   80.100000   -2.7614929984526D-03  6.461D-05
   80.150000   -2.7614930159073D-03  6.461D-05
   80.200000   -2.7614930333077D-03  6.461D-05
   80.250000   -2.7614930506540D-03  6.461D-05
   80.300000   -2.7614930679462D-03  6.461D-05
   80.350000   -2.7614930851848D-03  6.461D-05
   80.400000   -2.7614931023698D-03  6.461D-05
   80.450000   -2.7614931195014D-03  6.461D-05
   80.500000   -2.7614931365799D-03  6.461D-05
   80.550000   -2.7614931536054D-03  6.461D-05
   80.600000   -2.7614931705782D-03  6.461D-05
   80.650000   -2.7614931874984D-03  6.461D-05
   80.700000   -2.7614932043662D-03  6.461D-05
   80.750000   -2.7614932211818D-03  6.461D-05
   80.800000   -2.7614932379455D-03  6.461D-05
   80.850000   -2.7614932546574D-03  6.461D-05
   80.900000   -2.7614932713177D-03  6.461D-05
   80.950000   -2.7614932879266D-03  6.461D-05
   81.000000   -2.7614933044842D-03  6.461D-05
   81.050000   -2.7614933209909D-03  6.461D-05
   81.100000   -2.7614933374467D-03  6.461D-05
   81.150000   -2.7614933538519D-03  6.461D-05
   81.200000   -2.7614933702066D-03  6.461D-05
   81.250000   -2.7614933865110D-03  6.461D-05
   81.300000   -2.7614934027653D-03  6.461D-05
   81.350000   -2.7614934189698D-03  6.461D-05
   81.400000   -2.7614934351245D-03  6.461D-05
   81.450000   -2.7614934512296D-03  6.461D-05
   81.500000   -2.7614934672854D-03  6.461D-05
   81.550000   -2.7614934832921D-03  6.461D-05
   81.600000   -2.7614934992497D-03  6.461D-05
   81.650000   -2.7614935151585D-03  6.461D-05
   81.700000   -2.7614935310187D-03  6.461D-05
   81.750000   -2.7614935468305D-03  6.461D-05
   81.800000   -2.7614935625939D-03  6.461D-05
   81.850000   -2.7614935783093D-03  6.461D-05
   81.900000   -2.7614935939767D-03  6.461D-05
   81.950000   -2.7614936095964D-03  6.461D-05
   82.000000   -2.7614936251685D-03  6.461D-05
   82.050000   -2.7614936406931D-03  6.461D-05
   82.100000   -2.7614936561706D-03  6.461D-05
   82.150000   -2.7614936716010D-03  6.461D-05
   82.200000   -2.7614936869845D-03  6.461D-05
   82.250000   -2.7614937023213D-03  6.461D-05
   82.300000   -2.7614937176116D-03  6.461D-05
   82.350000   -2.7614937328554D-03  6.461D-05
   82.400000   -2.7614937480531D-03  6.461D-05
   82.450000   -2.7614937632047D-03  6.461D-05
   82.500000   -2.7614937783105D-03  6.461D-05
   82.550000   -2.7614937933705D-03  6.461D-05
   82.600000   -2.7614938083850D-03  6.461D-05
   82.650000   -2.7614938233542D-03  6.461D-05
   82.700000   -2.7614938382781D-03  6.461D-05
   82.750000   -2.7614938531570D-03  6.461D-05
   82.800000   -2.7614938679910D-03  6.461D-05
   82.850000   -2.7614938827803D-03  6.461D-05
   82.900000   -2.7614938975250D-03  6.461D-05
   82.950000   -2.7614939122253D-03  6.461D-05
   83.000000   -2.7614939268814D-03  6.461D-05
   83.050000   -2.7614939414934D-03  6.461D-05
   83.100000   -2.7614939560615D-03  6.461D-05
   83.150000   -2.7614939705858D-03  6.461D-05
   83.200000   -2.7614939850665D-03  6.461D-05
   83.250000   -2.7614939995038D-03  6.461D-05
   83.300000   -2.7614940138977D-03  6.461D-05
   83.350000   -2.7614940282486D-03  6.461D-05
   83.400000   -2.7614940425565D-03  6.461D-05
   83.450000   -2.7614940568215D-03  6.461D-05
   83.500000   -2.7614940710439D-03  6.461D-05
   83.550000   -2.7614940852237D-03  6.461D-05
   83.600000   -2.7614940993612D-03  6.461D-05
   83.650000   -2.7614941134565D-03  6.461D-05
   83.700000   -2.7614941275097D-03  6.461D-05
   83.750000   -2.7614941415210D-03  6.461D-05
   83.800000   -2.7614941554905D-03  6.461D-05
   83.850000   -2.7614941694184D-03  6.461D-05
   83.900000   -2.7614941833049D-03  6.461D-05
   83.950000   -2.7614941971500D-03  6.461D-05
   84.000000   -2.7614942109540D-03  6.461D-05
   84.050000   -2.7614942247170D-03  6.461D-05
   84.100000   -2.7614942384390D-03  6.461D-05
   84.150000   -2.7614942521204D-03  6.461D-05
   84.200000   -2.7614942657611D-03  6.461D-05
   84.250000   -2.7614942793615D-03  6.461D-05
   84.300000   -2.7614942929215D-03  6.461D-05
   84.350000   -2.7614943064413D-03  6.461D-05
   84.400000   -2.7614943199212D-03  6.461D-05
   84.450000   -2.7614943333612D-03  6.461D-05
   84.500000   -2.7614943467614D-03  6.461D-05
   84.550000   -2.7614943601221D-03  6.461D-05
   84.600000   -2.7614943734433D-03  6.461D-05
   84.650000   -2.7614943867252D-03  6.461D-05
   84.700000   -2.7614943999680D-03  6.461D-05
   84.750000   -2.7614944131717D-03  6.461D-05
   84.800000   -2.7614944263365D-03  6.461D-05
   84.850000   -2.7614944394626D-03  6.461D-05
   84.900000   -2.7614944525501D-03  6.461D-05
   84.950000   -2.7614944655990D-03  6.461D-05
   85.000000   -2.7614944786097D-03  6.461D-05
   85.050000   -2.7614944915821D-03  6.461D-05
   85.100000   -2.7614945045164D-03  6.461D-05
   85.150000   -2.7614945174128D-03  6.461D-05
   85.200000   -2.7614945302714D-03  6.461D-05
   85.250000   -2.7614945430923D-03  6.461D-05
   85.300000   -2.7614945558757D-03  6.461D-05
   85.350000   -2.7614945686217D-03  6.461D-05
   85.400000   -2.7614945813304D-03  6.461D-05
   85.450000   -2.7614945940019D-03  6.461D-05
   85.500000   -2.7614946066364D-03  6.461D-05
   85.550000   -2.7614946192340D-03  6.461D-05
   85.600000   -2.7614946317949D-03  6.461D-05
   85.650000   -2.7614946443191D-03  6.461D-05
   85.700000   -2.7614946568069D-03  6.461D-05
   85.750000   -2.7614946692582D-03  6.461D-05
   85.800000   -2.7614946816733D-03  6.461D-05
   85.850000   -2.7614946940523D-03  6.461D-05
   85.900000   -2.7614947063953D-03  6.461D-05
   85.950000   -2.7614947187024D-03  6.461D-05
   86.000000   -2.7614947309738D-03  6.461D-05
   86.050000   -2.7614947432096D-03  6.461D-05
   86.100000   -2.7614947554098D-03  6.461D-05
   86.150000   -2.7614947675747D-03  6.461D-05
   86.200000   -2.7614947797043D-03  6.461D-05
   86.250000   -2.7614947917988D-03  6.461D-05
   86.300000   -2.7614948038583D-03  6.461D-05
   86.350000   -2.7614948158830D-03  6.461D-05
   86.400000   -2.7614948278728D-03  6.461D-05
   86.450000   -2.7614948398280D-03  6.461D-05
   86.500000   -2.7614948517487D-03  6.461D-05
   86.550000   -2.7614948636350D-03  6.461D-05
   86.600000   -2.7614948754870D-03  6.461D-05
   86.650000   -2.7614948873048D-03  6.461D-05
   86.700000   -2.7614948990886D-03  6.461D-05
   86.750000   -2.7614949108385D-03  6.461D-05
   86.800000   -2.7614949225545D-03  6.461D-05
   86.850000   -2.7614949342369D-03  6.461D-05
   86.900000   -2.7614949458856D-03  6.461D-05
   86.950000   -2.7614949575010D-03  6.461D-05
   87.000000   -2.7614949690829D-03  6.461D-05
   87.050000   -2.7614949806316D-03  6.461D-05
   87.100000   -2.7614949921472D-03  6.461D-05
   87.150000   -2.7614950036298D-03  6.461D-05
   87.200000   -2.7614950150795D-03  6.461D-05
   87.250000   -2.7614950264965D-03  6.461D-05
   87.300000   -2.7614950378807D-03  6.461D-05
   87.350000   -2.7614950492324D-03  6.461D-05
   87.400000   -2.7614950605517D-03  6.461D-05
   87.450000   -2.7614950718386D-03  6.461D-05
   87.500000   -2.7614950830934D-03  6.461D-05
   87.550000   -2.7614950943160D-03  6.461D-05
   87.600000   -2.7614951055066D-03  6.461D-05
   87.650000   -2.7614951166653D-03  6.461D-05
   87.700000   -2.7614951277922D-03  6.461D-05
   87.750000   -2.7614951388875D-03  6.461D-05
   87.800000   -2.7614951499511D-03  6.461D-05
   87.850000   -2.7614951609834D-03  6.461D-05
   87.900000   -2.7614951719843D-03  6.461D-05
   87.950000   -2.7614951829539D-03  6.461D-05
   88.000000   -2.7614951938924D-03  6.461D-05
   88.050000   -2.7614952047999D-03  6.461D-05
   88.100000   -2.7614952156764D-03  6.461D-05
   88.150000   -2.7614952265221D-03  6.461D-05
   88.200000   -2.7614952373371D-03  6.461D-05
   88.250000   -2.7614952481215D-03  6.461D-05
   88.300000   -2.7614952588754D-03  6.461D-05
   88.350000   -2.7614952695989D-03  6.461D-05
   88.400000   -2.7614952802921D-03  6.461D-05
   88.450000   -2.7614952909551D-03  6.461D-05
   88.500000   -2.7614953015880D-03  6.461D-05
   88.550000   -2.7614953121909D-03  6.461D-05
   88.600000   -2.7614953227639D-03  6.461D-05
   88.650000   -2.7614953333071D-03  6.461D-05
   88.700000   -2.7614953438206D-03  6.461D-05
   88.750000   -2.7614953543045D-03  6.461D-05
   88.800000   -2.7614953647590D-03  6.461D-05
   88.850000   -2.7614953751840D-03  6.461D-05
   88.900000   -2.7614953855798D-03  6.461D-05
   88.950000   -2.7614953959463D-03  6.461D-05
   89.000000   -2.7614954062838D-03  6.461D-05
   89.050000   -2.7614954165923D-03  6.461D-05
   89.100000   -2.7614954268719D-03  6.461D-05
   89.150000   -2.7614954371226D-03  6.461D-05
   89.200000   -2.7614954473447D-03  6.461D-05
   89.250000   -2.7614954575381D-03  6.461D-05
   89.300000   -2.7614954677031D-03  6.461D-05
   89.350000   -2.7614954778396D-03  6.461D-05
   89.400000   -2.7614954879478D-03  6.461D-05
   89.450000   -2.7614954980278D-03  6.461D-05
   89.500000   -2.7614955080796D-03  6.461D-05
   89.550000   -2.7614955181034D-03  6.461D-05
   89.600000   -2.7614955280993D-03  6.461D-05
   89.650000   -2.7614955380673D-03  6.461D-05
   89.700000   -2.7614955480076D-03  6.461D-05
   89.750000   -2.7614955579201D-03  6.461D-05
   89.800000   -2.7614955678051D-03  6.461D-05
   89.850000   -2.7614955776627D-03  6.461D-05
   89.900000   -2.7614955874928D-03  6.461D-05
   89.950000   -2.7614955972957D-03  6.461D-05
   90.000000   -2.7614956070713D-03  6.461D-05
   90.050000   -2.7614956168198D-03  6.461D-05
   90.100000   -2.7614956265413D-03  6.461D-05
   90.150000   -2.7614956362358D-03  6.461D-05
   90.200000   -2.7614956459036D-03  6.461D-05
   90.250000   -2.7614956555445D-03  6.461D-05
   90.300000   -2.7614956651588D-03  6.461D-05
   90.350000   -2.7614956747465D-03  6.461D-05
   90.400000   -2.7614956843077D-03  6.461D-05
   90.450000   -2.7614956938425D-03  6.461D-05
   90.500000   -2.7614957033510D-03  6.461D-05
   90.550000   -2.7614957128332D-03  6.461D-05
   90.600000   -2.7614957222893D-03  6.461D-05
   90.650000   -2.7614957317194D-03  6.461D-05
   90.700000   -2.7614957411235D-03  6.461D-05
   90.750000   -2.7614957505017D-03  6.461D-05
   90.800000   -2.7614957598541D-03  6.461D-05
   90.850000   -2.7614957691807D-03  6.461D-05
   90.900000   -2.7614957784818D-03  6.461D-05
   90.950000   -2.7614957877573D-03  6.461D-05
   91.000000   -2.7614957970073D-03  6.461D-05
   91.050000   -2.7614958062320D-03  6.461D-05
   91.100000   -2.7614958154314D-03  6.461D-05
   91.150000   -2.7614958246056D-03  6.461D-05
   91.200000   -2.7614958337546D-03  6.461D-05
   91.250000   -2.7614958428786D-03  6.461D-05
   91.300000   -2.7614958519776D-03  6.461D-05
   91.350000   -2.7614958610518D-03  6.461D-05
   91.400000   -2.7614958701011D-03  6.461D-05
   91.450000   -2.7614958791257D-03  6.461D-05
   91.500000   -2.7614958881257D-03  6.461D-05
   91.550000   -2.7614958971012D-03  6.461D-05
   91.600000   -2.7614959060521D-03  6.461D-05
   91.650000   -2.7614959149787D-03  6.461D-05
   91.700000   -2.7614959238809D-03  6.461D-05
   91.750000   -2.7614959327589D-03  6.461D-05
   91.800000   -2.7614959416128D-03  6.461D-05
   91.850000   -2.7614959504426D-03  6.461D-05
   91.900000   -2.7614959592483D-03  6.461D-05
   91.950000   -2.7614959680302D-03  6.461D-05
   92.000000   -2.7614959767882D-03  6.461D-05
   92.050000   -2.7614959855224D-03  6.461D-05
   92.100000   -2.7614959942330D-03  6.461D-05
   92.150000   -2.7614960029199D-03  6.461D-05
   92.200000   -2.7614960115833D-03  6.461D-05
   92.250000   -2.7614960202233D-03  6.461D-05
   92.300000   -2.7614960288398D-03  6.461D-05
   92.350000   -2.7614960374331D-03  6.461D-05
   92.400000   -2.7614960460031D-03  6.461D-05
   92.450000   -2.7614960545500D-03  6.461D-05
   92.500000   -2.7614960630738D-03  6.461D-05
   92.550000   -2.7614960715745D-03  6.461D-05
   92.600000   -2.7614960800524D-03  6.461D-05
   92.650000   -2.7614960885074D-03  6.461D-05
   92.700000   -2.7614960969396D-03  6.461D-05
   92.750000   -2.7614961053491D-03  6.461D-05
   92.800000   -2.7614961137359D-03  6.461D-05
   92.850000   -2.7614961221002D-03  6.461D-05
   92.900000   -2.7614961304420D-03  6.461D-05
   92.950000   -2.7614961387614D-03  6.461D-05
   93.000000   -2.7614961470585D-03  6.461D-05
   93.050000   -2.7614961553332D-03  6.461D-05
   93.100000   -2.7614961635858D-03  6.461D-05
   93.150000   -2.7614961718162D-03  6.461D-05
   93.200000   -2.7614961800246D-03  6.461D-05
   93.250000   -2.7614961882110D-03  6.461D-05
   93.300000   -2.7614961963755D-03  6.461D-05
   93.350000   -2.7614962045181D-03  6.461D-05
   93.400000   -2.7614962126389D-03  6.461D-05
   93.450000   -2.7614962207381D-03  6.461D-05
   93.500000   -2.7614962288156D-03  6.461D-05
   93.550000   -2.7614962368715D-03  6.461D-05
   93.600000   -2.7614962449059D-03  6.461D-05
   93.650000   -2.7614962529189D-03  6.461D-05
   93.700000   -2.7614962609106D-03  6.461D-05
   93.750000   -2.7614962688809D-03  6.461D-05
   93.800000   -2.7614962768300D-03  6.461D-05
   93.850000   -2.7614962847580D-03  6.461D-05
   93.900000   -2.7614962926649D-03  6.461D-05
   93.950000   -2.7614963005507D-03  6.461D-05
   94.000000   -2.7614963084156D-03  6.461D-05
   94.050000   -2.7614963162596D-03  6.461D-05
   94.100000   -2.7614963240828D-03  6.461D-05
   94.150000   -2.7614963318852D-03  6.461D-05
   94.200000   -2.7614963396669D-03  6.461D-05
   94.250000   -2.7614963474280D-03  6.461D-05
   94.300000   -2.7614963551686D-03  6.461D-05
   94.350000   -2.7614963628886D-03  6.461D-05
   94.400000   -2.7614963705882D-03  6.461D-05
   94.450000   -2.7614963782675D-03  6.461D-05
   94.500000   -2.7614963859264D-03  6.461D-05
   94.550000   -2.7614963935652D-03  6.461D-05
   94.600000   -2.7614964011837D-03  6.461D-05
   94.650000   -2.7614964087822D-03  6.461D-05
   94.700000   -2.7614964163606D-03  6.461D-05
   94.750000   -2.7614964239190D-03  6.461D-05
   94.800000   -2.7614964314575D-03  6.461D-05
   94.850000   -2.7614964389762D-03  6.461D-05
   94.900000   -2.7614964464750D-03  6.461D-05
   94.950000   -2.7614964539541D-03  6.461D-05
   95.000000   -2.7614964614136D-03  6.461D-05
   95.050000   -2.7614964688535D-03  6.461D-05
   95.100000   -2.7614964762738D-03  6.461D-05
   95.150000   -2.7614964836746D-03  6.461D-05
   95.200000   -2.7614964910560D-03  6.461D-05
   95.250000   -2.7614964984181D-03  6.461D-05
   95.300000   -2.7614965057609D-03  6.461D-05
   95.350000   -2.7614965130844D-03  6.461D-05
   95.400000   -2.7614965203887D-03  6.461D-05
   95.450000   -2.7614965276740D-03  6.461D-05
   95.500000   -2.7614965349402D-03  6.461D-05
   95.550000   -2.7614965421873D-03  6.461D-05
   95.600000   -2.7614965494156D-03  6.461D-05
   95.650000   -2.7614965566249D-03  6.461D-05
   95.700000   -2.7614965638155D-03  6.461D-05
   95.750000   -2.7614965709873D-03  6.461D-05
   95.800000   -2.7614965781404D-03  6.461D-05
   95.850000   -2.7614965852748D-03  6.461D-05
   95.900000   -2.7614965923907D-03  6.461D-05
   95.950000   -2.7614965994880D-03  6.461D-05
   96.000000   -2.7614966065669D-03  6.461D-05
   96.050000   -2.7614966136273D-03  6.461D-05
   96.100000   -2.7614966206694D-03  6.461D-05
   96.150000   -2.7614966276932D-03  6.461D-05
   96.200000   -2.7614966346988D-03  6.461D-05
   96.250000   -2.7614966416862D-03  6.461D-05
   96.300000   -2.7614966486554D-03  6.461D-05
   96.350000   -2.7614966556066D-03  6.461D-05
   96.400000   -2.7614966625398D-03  6.461D-05
   96.450000   -2.7614966694550D-03  6.461D-05
   96.500000   -2.7614966763523D-03  6.461D-05
   96.550000   -2.7614966832318D-03  6.461D-05
   96.600000   -2.7614966900935D-03  6.461D-05
   96.650000   -2.7614966969374D-03  6.461D-05
   96.700000   -2.7614967037637D-03  6.461D-05
   96.750000   -2.7614967105724D-03  6.461D-05
   96.800000   -2.7614967173634D-03  6.461D-05
   96.850000   -2.7614967241370D-03  6.461D-05
   96.900000   -2.7614967308931D-03  6.461D-05
   96.950000   -2.7614967376318D-03  6.461D-05
   97.000000   -2.7614967443531D-03  6.461D-05
   97.050000   -2.7614967510571D-03  6.461D-05
   97.100000   -2.7614967577439D-03  6.461D-05
   97.150000   -2.7614967644135D-03  6.461D-05
   97.200000   -2.7614967710659D-03  6.461D-05
   97.250000   -2.7614967777013D-03  6.461D-05
   97.300000   -2.7614967843196D-03  6.461D-05
   97.350000   -2.7614967909210D-03  6.461D-05
   97.400000   -2.7614967975054D-03  6.461D-05
   97.450000   -2.7614968040729D-03  6.461D-05
   97.500000   -2.7614968106236D-03  6.461D-05
   97.550000   -2.7614968171576D-03  6.461D-05
   97.600000   -2.7614968236748D-03  6.461D-05
   97.650000   -2.7614968301753D-03  6.461D-05
   97.700000   -2.7614968366592D-03  6.461D-05
   97.750000   -2.7614968431265D-03  6.461D-05
   97.800000   -2.7614968495774D-03  6.461D-05
   97.850000   -2.7614968560117D-03  6.461D-05
   97.900000   -2.7614968624297D-03  6.461D-05
   97.950000   -2.7614968688312D-03  6.461D-05
   98.000000   -2.7614968752165D-03  6.461D-05
   98.050000   -2.7614968815855D-03  6.461D-05
   98.100000   -2.7614968879382D-03  6.461D-05
   98.150000   -2.7614968942748D-03  6.461D-05
   98.200000   -2.7614969005953D-03  6.461D-05
   98.250000   -2.7614969068997D-03  6.461D-05
   98.300000   -2.7614969131881D-03  6.461D-05
   98.350000   -2.7614969194605D-03  6.461D-05
   98.400000   -2.7614969257170D-03  6.461D-05
   98.450000   -2.7614969319576D-03  6.461D-05
   98.500000   -2.7614969381824D-03  6.461D-05
   98.550000   -2.7614969443914D-03  6.461D-05
   98.600000   -2.7614969505847D-03  6.461D-05
   98.650000   -2.7614969567622D-03  6.461D-05
   98.700000   -2.7614969629242D-03  6.461D-05
   98.750000   -2.7614969690706D-03  6.461D-05
   98.800000   -2.7614969752014D-03  6.461D-05
   98.850000   -2.7614969813167D-03  6.461D-05
   98.900000   -2.7614969874166D-03  6.461D-05
   98.950000   -2.7614969935011D-03  6.461D-05
   99.000000   -2.7614969995702D-03  6.461D-05
   99.050000   -2.7614970056241D-03  6.461D-05
   99.100000   -2.7614970116626D-03  6.461D-05
   99.150000   -2.7614970176860D-03  6.461D-05
   99.200000   -2.7614970236942D-03  6.461D-05
   99.250000   -2.7614970296872D-03  6.461D-05
   99.300000   -2.7614970356652D-03  6.461D-05
   99.350000   -2.7614970416282D-03  6.461D-05
   99.400000   -2.7614970475761D-03  6.461D-05
   99.450000   -2.7614970535092D-03  6.461D-05
   99.500000   -2.7614970594273D-03  6.461D-05
