
variables = "r", "B(r) ", "Uncertainty"
zone T = "State 1 B(r)   5412rref2_74RRRfulls"

    0.002500    2.9490001998296D-01     0.0
    0.007500    2.9490001982653D-01     0.0
    0.012500    2.9490001876416D-01     0.0
    0.017500    2.9490001530055D-01     0.0
    0.022500    2.9490000719888D-01     0.0
    0.027500    2.9489999148506D-01     0.0
    0.032500    2.9489996445194D-01     0.0
    0.037500    2.9489992166364D-01     0.0
    0.042500    2.9489985795974D-01     0.0
    0.047500    2.9489976745960D-01     0.0
    0.052500    2.9489964356657D-01     0.0
    0.057500    2.9489947897232D-01     0.0
    0.062500    2.9489926566106D-01     0.0
    0.067500    2.9489899491392D-01     0.0
    0.072500    2.9489865731314D-01     0.0
    0.077500    2.9489824274648D-01     0.0
    0.082500    2.9489774041150D-01     0.0
    0.087500    2.9489713881991D-01     0.0
    0.092500    2.9489642580197D-01     0.0
    0.097500    2.9489558851086D-01     0.0
    0.102500    2.9489461342710D-01     0.0
    0.107500    2.9489348636300D-01     0.0
    0.112500    2.9489219246714D-01     0.0
    0.117500    2.9489071622891D-01     0.0
    0.122500    2.9488904148301D-01     0.0
    0.127500    2.9488715141412D-01     0.0
    0.132500    2.9488502856148D-01     0.0
    0.137500    2.9488265482366D-01     0.0
    0.142500    2.9488001146323D-01     0.0
    0.147500    2.9487707911166D-01     0.0
    0.152500    2.9487383777413D-01     0.0
    0.157500    2.9487026683451D-01     0.0
    0.162500    2.9486634506040D-01     0.0
    0.167500    2.9486205060821D-01     0.0
    0.172500    2.9485736102832D-01     0.0
    0.177500    2.9485225327044D-01     0.0
    0.182500    2.9484670368889D-01     0.0
    0.187500    2.9484068804813D-01     0.0
    0.192500    2.9483418152836D-01     0.0
    0.197500    2.9482715873116D-01     0.0
    0.202500    2.9481959368538D-01     0.0
    0.207500    2.9481145985299D-01     0.0
    0.212500    2.9480273013527D-01     0.0
    0.217500    2.9479337687893D-01     0.0
    0.222500    2.9478337188255D-01     0.0
    0.227500    2.9477268640305D-01     0.0
    0.232500    2.9476129116238D-01     0.0
    0.237500    2.9474915635437D-01     0.0
    0.242500    2.9473625165177D-01     0.0
    0.247500    2.9472254621345D-01     0.0
    0.252500    2.9470800869176D-01     0.0
    0.257500    2.9469260724018D-01     0.0
    0.262500    2.9467630952111D-01     0.0
    0.267500    2.9465908271386D-01     0.0
    0.272500    2.9464089352292D-01     0.0
    0.277500    2.9462170818642D-01     0.0
    0.282500    2.9460149248486D-01     0.0
    0.287500    2.9458021175005D-01     0.0
    0.292500    2.9455783087433D-01     0.0
    0.297500    2.9453431432005D-01     0.0
    0.302500    2.9450962612935D-01     0.0
    0.307500    2.9448372993418D-01     0.0
    0.312500    2.9445658896663D-01     0.0
    0.317500    2.9442816606957D-01     0.0
    0.322500    2.9439842370757D-01     0.0
    0.327500    2.9436732397822D-01     0.0
    0.332500    2.9433482862362D-01     0.0
    0.337500    2.9430089904240D-01     0.0
    0.342500    2.9426549630191D-01     0.0
    0.347500    2.9422858115092D-01     0.0
    0.352500    2.9419011403253D-01     0.0
    0.357500    2.9415005509758D-01     0.0
    0.362500    2.9410836421837D-01     0.0
    0.367500    2.9406500100280D-01     0.0
    0.372500    2.9401992480887D-01     0.0
    0.377500    2.9397309475968D-01     0.0
    0.382500    2.9392446975869D-01     0.0
    0.387500    2.9387400850559D-01     0.0
    0.392500    2.9382166951244D-01     0.0
    0.397500    2.9376741112034D-01     0.0
    0.402500    2.9371119151656D-01     0.0
    0.407500    2.9365296875205D-01     0.0
    0.412500    2.9359270075949D-01     0.0
    0.417500    2.9353034537178D-01     0.0
    0.422500    2.9346586034101D-01     0.0
    0.427500    2.9339920335789D-01     0.0
    0.432500    2.9333033207177D-01     0.0
    0.437500    2.9325920411100D-01     0.0
    0.442500    2.9318577710399D-01     0.0
    0.447500    2.9311000870060D-01     0.0
    0.452500    2.9303185659413D-01     0.0
    0.457500    2.9295127854388D-01     0.0
    0.462500    2.9286823239816D-01     0.0
    0.467500    2.9278267611782D-01     0.0
    0.472500    2.9269456780041D-01     0.0
    0.477500    2.9260386570476D-01     0.0
    0.482500    2.9251052827624D-01     0.0
    0.487500    2.9241451417240D-01     0.0
    0.492500    2.9231578228929D-01     0.0
    0.497500    2.9221429178827D-01     0.0
    0.502500    2.9211000212339D-01     0.0
    0.507500    2.9200287306927D-01     0.0
    0.512500    2.9189286474961D-01     0.0
    0.517500    2.9177993766616D-01     0.0
    0.522500    2.9166405272829D-01     0.0
    0.527500    2.9154517128309D-01     0.0
    0.532500    2.9142325514605D-01     0.0
    0.537500    2.9129826663214D-01     0.0
    0.542500    2.9117016858760D-01     0.0
    0.547500    2.9103892442215D-01     0.0
    0.552500    2.9090449814172D-01     0.0
    0.557500    2.9076685438175D-01     0.0
    0.562500    2.9062595844091D-01     0.0
    0.567500    2.9048177631543D-01     0.0
    0.572500    2.9033427473380D-01     0.0
    0.577500    2.9018342119200D-01     0.0
    0.582500    2.9002918398923D-01     0.0
    0.587500    2.8987153226401D-01     0.0
    0.592500    2.8971043603077D-01     0.0
    0.597500    2.8954586621688D-01     0.0
    0.600000    2.8946226989080D-01  7.799D-03
    0.650000    2.8760172078033D-01  7.674D-03
    0.700000    2.8536933979117D-01  7.520D-03
    0.750000    2.8275805521904D-01  7.333D-03
    0.800000    2.7977885843321D-01  7.112D-03
    0.850000    2.7646454337969D-01  6.854D-03
    0.900000    2.7287271850865D-01  6.559D-03
    0.950000    2.6908758020233D-01  6.228D-03
    1.000000    2.6521995585453D-01  5.862D-03
    1.050000    2.6140524492981D-01  5.466D-03
    1.100000    2.5779912111661D-01  5.044D-03
    1.150000    2.5457119600906D-01  4.602D-03
    1.200000    2.5189723827870D-01  4.147D-03
    1.250000    2.4995091094911D-01  3.688D-03
    1.300000    2.4889622986882D-01  3.234D-03
    1.350000    2.4888196043543D-01  2.792D-03
    1.400000    2.5003890075526D-01  2.371D-03
    1.450000    2.5248046843150D-01  1.978D-03
    1.500000    2.5630632836643D-01  1.619D-03
    1.550000    2.6160815726164D-01  1.299D-03
    1.600000    2.6847624019355D-01  1.020D-03
    1.650000    2.7700557537032D-01  7.830D-04
    1.700000    2.8730053168454D-01  5.866D-04
    1.750000    2.9947771389126D-01  4.286D-04
    1.800000    3.1366729437602D-01  3.050D-04
    1.850000    3.3001342734003D-01  2.113D-04
    1.900000    3.4867435107867D-01  1.425D-04
    1.950000    3.6982246591780D-01  9.376D-05
    2.000000    3.9364424829687D-01  6.055D-05
    2.050000    4.2033954621993D-01  3.913D-05
    2.100000    4.5011971269377D-01  2.648D-05
    2.150000    4.8320412552248D-01  2.002D-05
    2.200000    5.1981476227274D-01  1.726D-05
    2.250000    5.6016852229908D-01  1.628D-05
    2.300000    6.0446692769662D-01  1.604D-05
    2.350000    6.5288285949280D-01  1.621D-05
    2.400000    7.0554430753137D-01  1.667D-05
    2.450000    7.6251582795506D-01  1.736D-05
    2.500000    8.2377937733334D-01  1.824D-05
    2.550000    8.8921708332333D-01  1.922D-05
    2.600000    9.5859891215280D-01  2.027D-05
    2.650000    1.0315778327891D+00  2.134D-05
    2.700000    1.1076939620796D+00  2.242D-05
    2.750000    1.1863875971237D+00  2.349D-05
    2.800000    1.2670194624926D+00  2.451D-05
    2.850000    1.3488953689246D+00  2.547D-05
    2.900000    1.4312920708906D+00  2.635D-05
    2.950000    1.5134814480607D+00  2.713D-05
    3.000000    1.5947510232745D+00  2.781D-05
    3.050000    1.6744199475421D+00  2.837D-05
    3.100000    1.7518506092718D+00  2.880D-05
    3.150000    1.8264567316391D+00  2.912D-05
    3.200000    1.8977091165662D+00  2.936D-05
    3.250000    1.9651401123303D+00  2.963D-05
    3.300000    2.0283475459046D+00  3.004D-05
    3.350000    2.0869984229857D+00  3.068D-05
    3.400000    2.1408322941510D+00  3.155D-05
    3.450000    2.1896639055965D+00  3.258D-05
    3.500000    2.2333846348080D+00  3.370D-05
    3.550000    2.2719622463684D+00  3.494D-05
    3.600000    2.3054386513886D+00  3.651D-05
    3.650000    2.3339255632370D+00  3.883D-05
    3.700000    2.3575981614764D+00  4.243D-05
    3.750000    2.3766870654226D+00  4.768D-05
    3.800000    2.3914690540342D+00  5.465D-05
    3.850000    2.4022570404279D+00  6.314D-05
    3.900000    2.4093898198714D+00  7.271D-05
    3.950000    2.4132220703588D+00  8.290D-05
    4.000000    2.4141150095741D+00  9.329D-05
    4.050000    2.4124280166051D+00  1.035D-04
    4.100000    2.4085114249437D+00  1.134D-04
    4.150000    2.4027005959420D+00  1.230D-04
    4.200000    2.3953112964146D+00  1.324D-04
    4.250000    2.3866363347365D+00  1.419D-04
    4.300000    2.3769433580928D+00  1.520D-04
    4.350000    2.3664736790088D+00  1.633D-04
    4.400000    2.3554419800661D+00  1.763D-04
    4.450000    2.3440367392181D+00  1.915D-04
    4.500000    2.3324212214825D+00  2.092D-04
    4.550000    2.3207348932330D+00  2.296D-04
    4.600000    2.3090951303294D+00  2.525D-04
    4.650000    2.2975991088278D+00  2.778D-04
    4.700000    2.2863257853403D+00  3.052D-04
    4.750000    2.2753378920590D+00  3.342D-04
    4.800000    2.2646838881620D+00  3.646D-04
    4.850000    2.2543998242903D+00  3.958D-04
    4.900000    2.2445110897330D+00  4.275D-04
    4.950000    2.2350340228407D+00  4.593D-04
    5.000000    2.2259773740460D+00  4.909D-04
    5.050000    2.2173436178775D+00  5.220D-04
    5.100000    2.2091301157007D+00  5.523D-04
    5.150000    2.2013301348411D+00  5.816D-04
    5.200000    2.1939337324685D+00  6.096D-04
    5.250000    2.1869285143675D+00  6.362D-04
    5.300000    2.1803002796882D+00  6.614D-04
    5.350000    2.1740335631354D+00  6.848D-04
    5.400000    2.1681120859723D+00  7.066D-04
    5.450000    2.1625191268043D+00  7.267D-04
    5.500000    2.1572378224800D+00  7.449D-04
    5.550000    2.1522514086742D+00  7.613D-04
    5.600000    2.1475434088738D+00  7.760D-04
    5.650000    2.1430977796137D+00  7.889D-04
    5.700000    2.1388990189430D+00  8.000D-04
    5.750000    2.1349322442725D+00  8.094D-04
    5.800000    2.1311832449668D+00  8.172D-04
    5.850000    2.1276385143264D+00  8.234D-04
    5.900000    2.1242852649439D+00  8.281D-04
    5.950000    2.1211114308272D+00  8.314D-04
    6.000000    2.1181056591605D+00  8.333D-04
    6.050000    2.1152572941052D+00  8.338D-04
    6.100000    2.1125563546465D+00  8.332D-04
    6.150000    2.1099935081344D+00  8.314D-04
    6.200000    2.1075600408731D+00  8.286D-04
    6.250000    2.1052478268530D+00  8.247D-04
    6.300000    2.1030492955026D+00  8.199D-04
    6.350000    2.1009573991558D+00  8.143D-04
    6.400000    2.0989655807743D+00  8.079D-04
    6.450000    2.0970677423412D+00  8.008D-04
    6.500000    2.0952582142316D+00  7.931D-04
    6.550000    2.0935317257865D+00  7.847D-04
    6.600000    2.0918833772399D+00  7.759D-04
    6.650000    2.0903086130982D+00  7.665D-04
    6.700000    2.0888031970221D+00  7.568D-04
    6.750000    2.0873631882295D+00  7.467D-04
    6.800000    2.0859849194083D+00  7.362D-04
    6.850000    2.0846649761068D+00  7.255D-04
    6.900000    2.0834001775584D+00  7.146D-04
    6.950000    2.0821875588788D+00  7.034D-04
    7.000000    2.0810243545749D+00  6.921D-04
    7.050000    2.0799079832927D+00  6.807D-04
    7.100000    2.0788360337338D+00  6.692D-04
    7.150000    2.0778062516659D+00  6.576D-04
    7.200000    2.0768165279576D+00  6.459D-04
    7.250000    2.0758648875635D+00  6.343D-04
    7.300000    2.0749494793939D+00  6.226D-04
    7.350000    2.0740685670025D+00  6.110D-04
    7.400000    2.0732205200289D+00  5.994D-04
    7.450000    2.0724038063394D+00  5.878D-04
    7.500000    2.0716169848077D+00  5.764D-04
    7.550000    2.0708586986866D+00  5.650D-04
    7.600000    2.0701276695206D+00  5.538D-04
    7.650000    2.0694226915546D+00  5.426D-04
    7.700000    2.0687426265987D+00  5.316D-04
    7.750000    2.0680863993091D+00  5.207D-04
    7.800000    2.0674529928503D+00  5.099D-04
    7.850000    2.0668414449066D+00  4.993D-04
    7.900000    2.0662508440123D+00  4.888D-04
    7.950000    2.0656803261737D+00  4.785D-04
    8.000000    2.0651290717575D+00  4.684D-04
    8.050000    2.0645963026234D+00  4.584D-04
    8.100000    2.0640812794784D+00  4.486D-04
    8.150000    2.0635832994356D+00  4.389D-04
    8.200000    2.0631016937590D+00  4.294D-04
    8.250000    2.0626358257777D+00  4.201D-04
    8.300000    2.0621850889570D+00  4.110D-04
    8.350000    2.0617489051109D+00  4.020D-04
    8.400000    2.0613267227460D+00  3.932D-04
    8.450000    2.0609180155239D+00  3.846D-04
    8.500000    2.0605222808340D+00  3.762D-04
    8.550000    2.0601390384663D+00  3.679D-04
    8.600000    2.0597678293764D+00  3.598D-04
    8.650000    2.0594082145350D+00  3.519D-04
    8.700000    2.0590597738555D+00  3.441D-04
    8.750000    2.0587221051928D+00  3.365D-04
    8.800000    2.0583948234081D+00  3.291D-04
    8.850000    2.0580775594943D+00  3.218D-04
    8.900000    2.0577699597570D+00  3.147D-04
    8.950000    2.0574716850478D+00  3.077D-04
    9.000000    2.0571824100445D+00  3.009D-04
    9.050000    2.0569018225754D+00  2.943D-04
    9.100000    2.0566296229853D+00  2.878D-04
    9.150000    2.0563655235377D+00  2.815D-04
    9.200000    2.0561092478536D+00  2.753D-04
    9.250000    2.0558605303814D+00  2.692D-04
    9.300000    2.0556191158982D+00  2.633D-04
    9.350000    2.0553847590381D+00  2.575D-04
    9.400000    2.0551572238474D+00  2.519D-04
    9.450000    2.0549362833635D+00  2.463D-04
    9.500000    2.0547217192174D+00  2.409D-04
    9.550000    2.0545133212564D+00  2.357D-04
    9.600000    2.0543108871871D+00  2.306D-04
    9.650000    2.0541142222374D+00  2.255D-04
    9.700000    2.0539231388346D+00  2.206D-04
    9.750000    2.0537374563010D+00  2.159D-04
    9.800000    2.0535570005644D+00  2.112D-04
    9.850000    2.0533816038823D+00  2.067D-04
    9.900000    2.0532111045807D+00  2.022D-04
    9.950000    2.0530453468045D+00  1.979D-04
   10.000000    2.0528841802804D+00  1.936D-04
   10.050000    2.0527274600910D+00  1.895D-04
   10.100000    2.0525750464594D+00  1.855D-04
   10.150000    2.0524268045437D+00  1.815D-04
   10.200000    2.0522826042413D+00  1.777D-04
   10.250000    2.0521423200014D+00  1.739D-04
   10.300000    2.0520058306472D+00  1.703D-04
   10.350000    2.0518730192046D+00  1.667D-04
   10.400000    2.0517437727395D+00  1.632D-04
   10.450000    2.0516179822023D+00  1.598D-04
   10.500000    2.0514955422781D+00  1.565D-04
   10.550000    2.0513763512450D+00  1.533D-04
   10.600000    2.0512603108371D+00  1.501D-04
   10.650000    2.0511473261142D+00  1.470D-04
   10.700000    2.0510373053364D+00  1.440D-04
   10.750000    2.0509301598448D+00  1.411D-04
   10.800000    2.0508258039465D+00  1.382D-04
   10.850000    2.0507241548042D+00  1.354D-04
   10.900000    2.0506251323315D+00  1.327D-04
   10.950000    2.0505286590912D+00  1.300D-04
   11.000000    2.0504346601985D+00  1.274D-04
   11.050000    2.0503430632279D+00  1.249D-04
   11.100000    2.0502537981241D+00  1.224D-04
   11.150000    2.0501667971159D+00  1.200D-04
   11.200000    2.0500819946342D+00  1.176D-04
   11.250000    2.0499993272330D+00  1.153D-04
   11.300000    2.0499187335133D+00  1.131D-04
   11.350000    2.0498401540505D+00  1.109D-04
   11.400000    2.0497635313240D+00  1.087D-04
   11.450000    2.0496888096502D+00  1.066D-04
   11.500000    2.0496159351176D+00  1.046D-04
   11.550000    2.0495448555247D+00  1.026D-04
   11.600000    2.0494755203202D+00  1.007D-04
   11.650000    2.0494078805454D+00  9.875D-05
   11.700000    2.0493418887789D+00  9.690D-05
   11.750000    2.0492774990837D+00  9.509D-05
   11.800000    2.0492146669555D+00  9.332D-05
   11.850000    2.0491533492738D+00  9.160D-05
   11.900000    2.0490935042542D+00  8.992D-05
   11.950000    2.0490350914031D+00  8.828D-05
   12.000000    2.0489780714736D+00  8.667D-05
   12.050000    2.0489224064232D+00  8.511D-05
   12.100000    2.0488680593730D+00  8.358D-05
   12.150000    2.0488149945686D+00  8.209D-05
   12.200000    2.0487631773421D+00  8.063D-05
   12.250000    2.0487125740761D+00  7.921D-05
   12.300000    2.0486631521683D+00  7.782D-05
   12.350000    2.0486148799977D+00  7.647D-05
   12.400000    2.0485677268922D+00  7.514D-05
   12.450000    2.0485216630971D+00  7.385D-05
   12.500000    2.0484766597448D+00  7.259D-05
   12.550000    2.0484326888260D+00  7.136D-05
   12.600000    2.0483897231610D+00  7.016D-05
   12.650000    2.0483477363729D+00  6.899D-05
   12.700000    2.0483067028615D+00  6.784D-05
   12.750000    2.0482665977780D+00  6.673D-05
   12.800000    2.0482273970006D+00  6.564D-05
   12.850000    2.0481890771110D+00  6.457D-05
   12.900000    2.0481516153721D+00  6.353D-05
   12.950000    2.0481149897057D+00  6.252D-05
   13.000000    2.0480791786715D+00  6.153D-05
   13.050000    2.0480441614470D+00  6.056D-05
   13.100000    2.0480099178078D+00  5.962D-05
   13.150000    2.0479764281082D+00  5.870D-05
   13.200000    2.0479436732636D+00  5.780D-05
   13.250000    2.0479116347321D+00  5.692D-05
   13.300000    2.0478802944980D+00  5.606D-05
   13.350000    2.0478496350551D+00  5.523D-05
   13.400000    2.0478196393906D+00  5.441D-05
   13.450000    2.0477902909700D+00  5.362D-05
   13.500000    2.0477615737221D+00  5.284D-05
   13.550000    2.0477334720248D+00  5.208D-05
   13.600000    2.0477059706909D+00  5.134D-05
   13.650000    2.0476790549550D+00  5.062D-05
   13.700000    2.0476527104606D+00  4.992D-05
   13.750000    2.0476269232473D+00  4.923D-05
   13.800000    2.0476016797387D+00  4.856D-05
   13.850000    2.0475769667312D+00  4.790D-05
   13.900000    2.0475527713820D+00  4.727D-05
   13.950000    2.0475290811986D+00  4.664D-05
   14.000000    2.0475058840284D+00  4.604D-05
   14.050000    2.0474831680478D+00  4.544D-05
   14.100000    2.0474609217531D+00  4.487D-05
   14.150000    2.0474391339502D+00  4.430D-05
   14.200000    2.0474177937460D+00  4.375D-05
   14.250000    2.0473968905390D+00  4.322D-05
   14.300000    2.0473764140110D+00  4.269D-05
   14.350000    2.0473563541183D+00  4.218D-05
   14.400000    2.0473367010840D+00  4.169D-05
   14.450000    2.0473174453899D+00  4.120D-05
   14.500000    2.0472985777689D+00  4.073D-05
   14.550000    2.0472800891979D+00  4.027D-05
   14.600000    2.0472619708904D+00  3.982D-05
   14.650000    2.0472442142899D+00  3.938D-05
   14.700000    2.0472268110630D+00  3.895D-05
   14.750000    2.0472097530928D+00  3.854D-05
   14.800000    2.0471930324731D+00  3.813D-05
   14.850000    2.0471766415022D+00  3.774D-05
   14.900000    2.0471605726766D+00  3.735D-05
   14.950000    2.0471448186859D+00  3.698D-05
   15.000000    2.0471293724070D+00  3.661D-05
   15.050000    2.0471142268990D+00  3.625D-05
   15.100000    2.0470993753975D+00  3.591D-05
   15.150000    2.0470848113102D+00  3.557D-05
   15.200000    2.0470705282119D+00  3.524D-05
   15.250000    2.0470565198396D+00  3.492D-05
   15.300000    2.0470427800879D+00  3.460D-05
   15.350000    2.0470293030051D+00  3.430D-05
   15.400000    2.0470160827882D+00  3.400D-05
   15.450000    2.0470031137794D+00  3.371D-05
   15.500000    2.0469903904616D+00  3.343D-05
   15.550000    2.0469779074549D+00  3.316D-05
   15.600000    2.0469656595124D+00  3.289D-05
   15.650000    2.0469536415169D+00  3.263D-05
   15.700000    2.0469418484772D+00  3.238D-05
   15.750000    2.0469302755245D+00  3.213D-05
   15.800000    2.0469189179093D+00  3.189D-05
   15.850000    2.0469077709981D+00  3.166D-05
   15.900000    2.0468968302701D+00  3.143D-05
   15.950000    2.0468860913143D+00  3.121D-05
   16.000000    2.0468755498265D+00  3.099D-05
   16.050000    2.0468652016064D+00  3.078D-05
   16.100000    2.0468550425549D+00  3.058D-05
   16.150000    2.0468450686711D+00  3.038D-05
   16.200000    2.0468352760501D+00  3.019D-05
   16.250000    2.0468256608801D+00  3.000D-05
   16.300000    2.0468162194401D+00  2.982D-05
   16.350000    2.0468069480975D+00  2.964D-05
   16.400000    2.0467978433056D+00  2.947D-05
   16.450000    2.0467889016015D+00  2.930D-05
   16.500000    2.0467801196039D+00  2.913D-05
   16.550000    2.0467714940108D+00  2.897D-05
   16.600000    2.0467630215975D+00  2.882D-05
   16.650000    2.0467546992149D+00  2.867D-05
   16.700000    2.0467465237869D+00  2.852D-05
   16.750000    2.0467384923090D+00  2.838D-05
   16.800000    2.0467306018463D+00  2.824D-05
   16.850000    2.0467228495317D+00  2.810D-05
   16.900000    2.0467152325642D+00  2.797D-05
   16.950000    2.0467077482070D+00  2.785D-05
   17.000000    2.0467003937863D+00  2.772D-05
   17.050000    2.0466931666891D+00  2.760D-05
   17.100000    2.0466860643622D+00  2.748D-05
   17.150000    2.0466790843103D+00  2.737D-05
   17.200000    2.0466722240948D+00  2.726D-05
   17.250000    2.0466654813320D+00  2.715D-05
   17.300000    2.0466588536923D+00  2.704D-05
   17.350000    2.0466523388981D+00  2.694D-05
   17.400000    2.0466459347233D+00  2.684D-05
   17.450000    2.0466396389913D+00  2.674D-05
   17.500000    2.0466334495742D+00  2.665D-05
   17.550000    2.0466273643915D+00  2.656D-05
   17.600000    2.0466213814087D+00  2.647D-05
   17.650000    2.0466154986365D+00  2.638D-05
   17.700000    2.0466097141295D+00  2.630D-05
   17.750000    2.0466040259852D+00  2.622D-05
   17.800000    2.0465984323426D+00  2.614D-05
   17.850000    2.0465929313819D+00  2.606D-05
   17.900000    2.0465875213227D+00  2.599D-05
   17.950000    2.0465822004237D+00  2.591D-05
   18.000000    2.0465769669812D+00  2.584D-05
   18.050000    2.0465718193286D+00  2.577D-05
   18.100000    2.0465667558352D+00  2.571D-05
   18.150000    2.0465617749057D+00  2.564D-05
   18.200000    2.0465568749789D+00  2.558D-05
   18.250000    2.0465520545273D+00  2.551D-05
   18.300000    2.0465473120559D+00  2.545D-05
   18.350000    2.0465426461018D+00  2.540D-05
   18.400000    2.0465380552331D+00  2.534D-05
   18.450000    2.0465335380485D+00  2.528D-05
   18.500000    2.0465290931761D+00  2.523D-05
   18.550000    2.0465247192734D+00  2.518D-05
   18.600000    2.0465204150259D+00  2.513D-05
   18.650000    2.0465161791468D+00  2.508D-05
   18.700000    2.0465120103763D+00  2.503D-05
   18.750000    2.0465079074811D+00  2.498D-05
   18.800000    2.0465038692534D+00  2.494D-05
   18.850000    2.0464998945108D+00  2.489D-05
   18.900000    2.0464959820953D+00  2.485D-05
   18.950000    2.0464921308729D+00  2.481D-05
   19.000000    2.0464883397330D+00  2.477D-05
   19.050000    2.0464846075881D+00  2.473D-05
   19.100000    2.0464809333727D+00  2.469D-05
   19.150000    2.0464773160436D+00  2.465D-05
   19.200000    2.0464737545786D+00  2.462D-05
   19.250000    2.0464702479764D+00  2.458D-05
   19.300000    2.0464667952563D+00  2.455D-05
   19.350000    2.0464633954574D+00  2.451D-05
   19.400000    2.0464600476381D+00  2.448D-05
   19.450000    2.0464567508762D+00  2.445D-05
   19.500000    2.0464535042678D+00  2.442D-05
   19.550000    2.0464503069272D+00  2.439D-05
   19.600000    2.0464471579866D+00  2.436D-05
   19.650000    2.0464440565956D+00  2.433D-05
   19.700000    2.0464410019205D+00  2.430D-05
   19.750000    2.0464379931446D+00  2.427D-05
   19.800000    2.0464350294672D+00  2.425D-05
   19.850000    2.0464321101034D+00  2.422D-05
   19.900000    2.0464292342841D+00  2.420D-05
   19.950000    2.0464264012550D+00  2.417D-05
   20.000000    2.0464236102771D+00  2.415D-05
   20.050000    2.0464208606255D+00  2.413D-05
   20.100000    2.0464181515898D+00  2.411D-05
   20.150000    2.0464154824733D+00  2.408D-05
   20.200000    2.0464128525930D+00  2.406D-05
   20.250000    2.0464102612790D+00  2.404D-05
   20.300000    2.0464077078747D+00  2.402D-05
   20.350000    2.0464051917359D+00  2.400D-05
   20.400000    2.0464027122312D+00  2.398D-05
   20.450000    2.0464002687409D+00  2.397D-05
   20.500000    2.0463978606577D+00  2.395D-05
   20.550000    2.0463954873855D+00  2.393D-05
   20.600000    2.0463931483401D+00  2.391D-05
   20.650000    2.0463908429480D+00  2.390D-05
   20.700000    2.0463885706468D+00  2.388D-05
   20.750000    2.0463863308849D+00  2.387D-05
   20.800000    2.0463841231211D+00  2.385D-05
   20.850000    2.0463819468242D+00  2.384D-05
   20.900000    2.0463798014734D+00  2.382D-05
   20.950000    2.0463776865574D+00  2.381D-05
   21.000000    2.0463756015748D+00  2.379D-05
   21.050000    2.0463735460333D+00  2.378D-05
   21.100000    2.0463715194499D+00  2.377D-05
   21.150000    2.0463695213508D+00  2.375D-05
   21.200000    2.0463675512709D+00  2.374D-05
   21.250000    2.0463656087535D+00  2.373D-05
   21.300000    2.0463636933508D+00  2.372D-05
   21.350000    2.0463618046229D+00  2.371D-05
   21.400000    2.0463599421383D+00  2.370D-05
   21.450000    2.0463581054732D+00  2.369D-05
   21.500000    2.0463562942118D+00  2.367D-05
   21.550000    2.0463545079458D+00  2.366D-05
   21.600000    2.0463527462744D+00  2.365D-05
   21.650000    2.0463510088041D+00  2.364D-05
   21.700000    2.0463492951485D+00  2.364D-05
   21.750000    2.0463476049284D+00  2.363D-05
   21.800000    2.0463459377713D+00  2.362D-05
   21.850000    2.0463442933114D+00  2.361D-05
   21.900000    2.0463426711898D+00  2.360D-05
   21.950000    2.0463410710537D+00  2.359D-05
   22.000000    2.0463394925569D+00  2.358D-05
   22.050000    2.0463379353592D+00  2.358D-05
   22.100000    2.0463363991266D+00  2.357D-05
   22.150000    2.0463348835311D+00  2.356D-05
   22.200000    2.0463333882504D+00  2.355D-05
   22.250000    2.0463319129682D+00  2.355D-05
   22.300000    2.0463304573734D+00  2.354D-05
   22.350000    2.0463290211608D+00  2.353D-05
   22.400000    2.0463276040303D+00  2.353D-05
   22.450000    2.0463262056872D+00  2.352D-05
   22.500000    2.0463248258421D+00  2.351D-05
   22.550000    2.0463234642105D+00  2.351D-05
   22.600000    2.0463221205129D+00  2.350D-05
   22.650000    2.0463207944747D+00  2.350D-05
   22.700000    2.0463194858262D+00  2.349D-05
   22.750000    2.0463181943023D+00  2.348D-05
   22.800000    2.0463169196424D+00  2.348D-05
   22.850000    2.0463156615906D+00  2.347D-05
   22.900000    2.0463144198952D+00  2.347D-05
   22.950000    2.0463131943092D+00  2.346D-05
   23.000000    2.0463119845894D+00  2.346D-05
   23.050000    2.0463107904971D+00  2.345D-05
   23.100000    2.0463096117976D+00  2.345D-05
   23.150000    2.0463084482602D+00  2.345D-05
   23.200000    2.0463072996581D+00  2.344D-05
   23.250000    2.0463061657684D+00  2.344D-05
   23.300000    2.0463050463721D+00  2.343D-05
   23.350000    2.0463039412537D+00  2.343D-05
   23.400000    2.0463028502014D+00  2.342D-05
   23.450000    2.0463017730072D+00  2.342D-05
   23.500000    2.0463007094662D+00  2.342D-05
   23.550000    2.0462996593774D+00  2.341D-05
   23.600000    2.0462986225429D+00  2.341D-05
   23.650000    2.0462975987680D+00  2.341D-05
   23.700000    2.0462965878617D+00  2.340D-05
   23.750000    2.0462955896356D+00  2.340D-05
   23.800000    2.0462946039050D+00  2.340D-05
   23.850000    2.0462936304878D+00  2.339D-05
   23.900000    2.0462926692053D+00  2.339D-05
   23.950000    2.0462917198815D+00  2.339D-05
   24.000000    2.0462907823434D+00  2.338D-05
   24.050000    2.0462898564209D+00  2.338D-05
   24.100000    2.0462889419465D+00  2.338D-05
   24.150000    2.0462880387557D+00  2.338D-05
   24.200000    2.0462871466866D+00  2.337D-05
   24.250000    2.0462862655798D+00  2.337D-05
   24.300000    2.0462853952788D+00  2.337D-05
   24.350000    2.0462845356293D+00  2.337D-05
   24.400000    2.0462836864798D+00  2.336D-05
   24.450000    2.0462828476811D+00  2.336D-05
   24.500000    2.0462820190864D+00  2.336D-05
   24.550000    2.0462812005514D+00  2.336D-05
   24.600000    2.0462803919340D+00  2.335D-05
   24.650000    2.0462795930945D+00  2.335D-05
   24.700000    2.0462788038953D+00  2.335D-05
   24.750000    2.0462780242011D+00  2.335D-05
   24.800000    2.0462772538788D+00  2.335D-05
   24.850000    2.0462764927973D+00  2.334D-05
   24.900000    2.0462757408277D+00  2.334D-05
   24.950000    2.0462749978430D+00  2.334D-05
   25.000000    2.0462742637185D+00  2.334D-05
   25.050000    2.0462735383312D+00  2.334D-05
   25.100000    2.0462728215601D+00  2.334D-05
   25.150000    2.0462721132862D+00  2.333D-05
   25.200000    2.0462714133923D+00  2.333D-05
   25.250000    2.0462707217631D+00  2.333D-05
   25.300000    2.0462700382850D+00  2.333D-05
   25.350000    2.0462693628463D+00  2.333D-05
   25.400000    2.0462686953369D+00  2.333D-05
   25.450000    2.0462680356487D+00  2.332D-05
   25.500000    2.0462673836749D+00  2.332D-05
   25.550000    2.0462667393107D+00  2.332D-05
   25.600000    2.0462661024526D+00  2.332D-05
   25.650000    2.0462654729991D+00  2.332D-05
   25.700000    2.0462648508498D+00  2.332D-05
   25.750000    2.0462642359063D+00  2.332D-05
   25.800000    2.0462636280713D+00  2.332D-05
   25.850000    2.0462630272494D+00  2.331D-05
   25.900000    2.0462624333464D+00  2.331D-05
   25.950000    2.0462618462695D+00  2.331D-05
   26.000000    2.0462612659275D+00  2.331D-05
   26.050000    2.0462606922305D+00  2.331D-05
   26.100000    2.0462601250900D+00  2.331D-05
   26.150000    2.0462595644187D+00  2.331D-05
   26.200000    2.0462590101309D+00  2.331D-05
   26.250000    2.0462584621419D+00  2.331D-05
   26.300000    2.0462579203685D+00  2.331D-05
   26.350000    2.0462573847287D+00  2.330D-05
   26.400000    2.0462568551416D+00  2.330D-05
   26.450000    2.0462563315277D+00  2.330D-05
   26.500000    2.0462558138085D+00  2.330D-05
   26.550000    2.0462553019069D+00  2.330D-05
   26.600000    2.0462547957468D+00  2.330D-05
   26.650000    2.0462542952533D+00  2.330D-05
   26.700000    2.0462538003525D+00  2.330D-05
   26.750000    2.0462533109717D+00  2.330D-05
   26.800000    2.0462528270392D+00  2.330D-05
   26.850000    2.0462523484846D+00  2.330D-05
   26.900000    2.0462518752382D+00  2.330D-05
   26.950000    2.0462514072315D+00  2.329D-05
   27.000000    2.0462509443970D+00  2.329D-05
   27.050000    2.0462504866683D+00  2.329D-05
   27.100000    2.0462500339797D+00  2.329D-05
   27.150000    2.0462495862666D+00  2.329D-05
   27.200000    2.0462491434655D+00  2.329D-05
   27.250000    2.0462487055136D+00  2.329D-05
   27.300000    2.0462482723491D+00  2.329D-05
   27.350000    2.0462478439112D+00  2.329D-05
   27.400000    2.0462474201397D+00  2.329D-05
   27.450000    2.0462470009756D+00  2.329D-05
   27.500000    2.0462465863605D+00  2.329D-05
   27.550000    2.0462461762370D+00  2.329D-05
   27.600000    2.0462457705484D+00  2.329D-05
   27.650000    2.0462453692390D+00  2.329D-05
   27.700000    2.0462449722538D+00  2.329D-05
   27.750000    2.0462445795384D+00  2.329D-05
   27.800000    2.0462441910395D+00  2.329D-05
   27.850000    2.0462438067044D+00  2.328D-05
   27.900000    2.0462434264811D+00  2.328D-05
   27.950000    2.0462430503184D+00  2.328D-05
   28.000000    2.0462426781659D+00  2.328D-05
   28.050000    2.0462423099738D+00  2.328D-05
   28.100000    2.0462419456930D+00  2.328D-05
   28.150000    2.0462415852752D+00  2.328D-05
   28.200000    2.0462412286727D+00  2.328D-05
   28.250000    2.0462408758386D+00  2.328D-05
   28.300000    2.0462405267263D+00  2.328D-05
   28.350000    2.0462401812904D+00  2.328D-05
   28.400000    2.0462398394856D+00  2.328D-05
   28.450000    2.0462395012676D+00  2.328D-05
   28.500000    2.0462391665925D+00  2.328D-05
   28.550000    2.0462388354172D+00  2.328D-05
   28.600000    2.0462385076990D+00  2.328D-05
   28.650000    2.0462381833960D+00  2.328D-05
   28.700000    2.0462378624668D+00  2.328D-05
   28.750000    2.0462375448703D+00  2.328D-05
   28.800000    2.0462372305665D+00  2.328D-05
   28.850000    2.0462369195155D+00  2.328D-05
   28.900000    2.0462366116782D+00  2.328D-05
   28.950000    2.0462363070159D+00  2.328D-05
   29.000000    2.0462360054905D+00  2.328D-05
   29.050000    2.0462357070644D+00  2.328D-05
   29.100000    2.0462354117005D+00  2.328D-05
   29.150000    2.0462351193623D+00  2.328D-05
   29.200000    2.0462348300136D+00  2.328D-05
   29.250000    2.0462345436189D+00  2.328D-05
   29.300000    2.0462342601430D+00  2.328D-05
   29.350000    2.0462339795514D+00  2.328D-05
   29.400000    2.0462337018098D+00  2.328D-05
   29.450000    2.0462334268846D+00  2.328D-05
   29.500000    2.0462331547426D+00  2.328D-05
   29.550000    2.0462328853509D+00  2.328D-05
   29.600000    2.0462326186771D+00  2.328D-05
   29.650000    2.0462323546894D+00  2.327D-05
   29.700000    2.0462320933563D+00  2.327D-05
   29.750000    2.0462318346466D+00  2.327D-05
   29.800000    2.0462315785297D+00  2.327D-05
   29.850000    2.0462313249754D+00  2.327D-05
   29.900000    2.0462310739539D+00  2.327D-05
   29.950000    2.0462308254356D+00  2.327D-05
   30.000000    2.0462305793915D+00  2.327D-05
   30.050000    2.0462303357929D+00  2.327D-05
   30.100000    2.0462300946115D+00  2.327D-05
   30.150000    2.0462298558195D+00  2.327D-05
   30.200000    2.0462296193892D+00  2.327D-05
   30.250000    2.0462293852934D+00  2.327D-05
   30.300000    2.0462291535054D+00  2.327D-05
   30.350000    2.0462289239986D+00  2.327D-05
   30.400000    2.0462286967469D+00  2.327D-05
   30.450000    2.0462284717244D+00  2.327D-05
   30.500000    2.0462282489058D+00  2.327D-05
   30.550000    2.0462280282659D+00  2.327D-05
   30.600000    2.0462278097799D+00  2.327D-05
   30.650000    2.0462275934234D+00  2.327D-05
   30.700000    2.0462273791720D+00  2.327D-05
   30.750000    2.0462271670021D+00  2.327D-05
   30.800000    2.0462269568901D+00  2.327D-05
   30.850000    2.0462267488126D+00  2.327D-05
   30.900000    2.0462265427469D+00  2.327D-05
   30.950000    2.0462263386702D+00  2.327D-05
   31.000000    2.0462261365602D+00  2.327D-05
   31.050000    2.0462259363948D+00  2.327D-05
   31.100000    2.0462257381522D+00  2.327D-05
   31.150000    2.0462255418110D+00  2.327D-05
   31.200000    2.0462253473498D+00  2.327D-05
   31.250000    2.0462251547478D+00  2.327D-05
   31.300000    2.0462249639842D+00  2.327D-05
   31.350000    2.0462247750387D+00  2.327D-05
   31.400000    2.0462245878909D+00  2.327D-05
   31.450000    2.0462244025211D+00  2.327D-05
   31.500000    2.0462242189095D+00  2.327D-05
   31.550000    2.0462240370368D+00  2.327D-05
   31.600000    2.0462238568837D+00  2.327D-05
   31.650000    2.0462236784313D+00  2.327D-05
   31.700000    2.0462235016610D+00  2.327D-05
   31.750000    2.0462233265542D+00  2.327D-05
   31.800000    2.0462231530928D+00  2.327D-05
   31.850000    2.0462229812587D+00  2.327D-05
   31.900000    2.0462228110341D+00  2.327D-05
   31.950000    2.0462226424016D+00  2.327D-05
   32.000000    2.0462224753437D+00  2.327D-05
   32.050000    2.0462223098434D+00  2.327D-05
   32.100000    2.0462221458837D+00  2.327D-05
   32.150000    2.0462219834479D+00  2.327D-05
   32.200000    2.0462218225196D+00  2.327D-05
   32.250000    2.0462216630824D+00  2.327D-05
   32.300000    2.0462215051203D+00  2.327D-05
   32.350000    2.0462213486173D+00  2.327D-05
   32.400000    2.0462211935579D+00  2.327D-05
   32.450000    2.0462210399264D+00  2.327D-05
   32.500000    2.0462208877075D+00  2.327D-05
   32.550000    2.0462207368862D+00  2.327D-05
   32.600000    2.0462205874475D+00  2.327D-05
   32.650000    2.0462204393766D+00  2.327D-05
   32.700000    2.0462202926589D+00  2.327D-05
   32.750000    2.0462201472801D+00  2.327D-05
   32.800000    2.0462200032260D+00  2.327D-05
   32.850000    2.0462198604824D+00  2.327D-05
   32.900000    2.0462197190354D+00  2.327D-05
   32.950000    2.0462195788715D+00  2.327D-05
   33.000000    2.0462194399769D+00  2.327D-05
   33.050000    2.0462193023384D+00  2.327D-05
   33.100000    2.0462191659427D+00  2.327D-05
   33.150000    2.0462190307767D+00  2.327D-05
   33.200000    2.0462188968275D+00  2.327D-05
   33.250000    2.0462187640824D+00  2.327D-05
   33.300000    2.0462186325287D+00  2.327D-05
   33.350000    2.0462185021541D+00  2.327D-05
   33.400000    2.0462183729461D+00  2.327D-05
   33.450000    2.0462182448927D+00  2.327D-05
   33.500000    2.0462181179818D+00  2.327D-05
   33.550000    2.0462179922015D+00  2.327D-05
   33.600000    2.0462178675402D+00  2.327D-05
   33.650000    2.0462177439862D+00  2.327D-05
   33.700000    2.0462176215281D+00  2.327D-05
   33.750000    2.0462175001545D+00  2.327D-05
   33.800000    2.0462173798543D+00  2.327D-05
   33.850000    2.0462172606164D+00  2.327D-05
   33.900000    2.0462171424299D+00  2.327D-05
   33.950000    2.0462170252840D+00  2.327D-05
   34.000000    2.0462169091681D+00  2.327D-05
   34.050000    2.0462167940714D+00  2.327D-05
   34.100000    2.0462166799838D+00  2.327D-05
   34.150000    2.0462165668948D+00  2.327D-05
   34.200000    2.0462164547943D+00  2.327D-05
   34.250000    2.0462163436721D+00  2.327D-05
   34.300000    2.0462162335185D+00  2.327D-05
   34.350000    2.0462161243235D+00  2.327D-05
   34.400000    2.0462160160774D+00  2.327D-05
   34.450000    2.0462159087706D+00  2.327D-05
   34.500000    2.0462158023936D+00  2.327D-05
   34.550000    2.0462156969370D+00  2.327D-05
   34.600000    2.0462155923917D+00  2.327D-05
   34.650000    2.0462154887483D+00  2.327D-05
   34.700000    2.0462153859978D+00  2.327D-05
   34.750000    2.0462152841313D+00  2.327D-05
   34.800000    2.0462151831400D+00  2.327D-05
   34.850000    2.0462150830149D+00  2.327D-05
   34.900000    2.0462149837476D+00  2.327D-05
   34.950000    2.0462148853294D+00  2.327D-05
   35.000000    2.0462147877519D+00  2.327D-05
   35.050000    2.0462146910067D+00  2.327D-05
   35.100000    2.0462145950856D+00  2.327D-05
   35.150000    2.0462144999803D+00  2.327D-05
   35.200000    2.0462144056828D+00  2.327D-05
   35.250000    2.0462143121851D+00  2.327D-05
   35.300000    2.0462142194794D+00  2.327D-05
   35.350000    2.0462141275577D+00  2.327D-05
   35.400000    2.0462140364123D+00  2.327D-05
   35.450000    2.0462139460357D+00  2.327D-05
   35.500000    2.0462138564203D+00  2.327D-05
   35.550000    2.0462137675586D+00  2.327D-05
   35.600000    2.0462136794431D+00  2.327D-05
   35.650000    2.0462135920668D+00  2.327D-05
   35.700000    2.0462135054222D+00  2.327D-05
   35.750000    2.0462134195022D+00  2.327D-05
   35.800000    2.0462133342999D+00  2.327D-05
   35.850000    2.0462132498082D+00  2.327D-05
   35.900000    2.0462131660202D+00  2.327D-05
   35.950000    2.0462130829292D+00  2.327D-05
   36.000000    2.0462130005282D+00  2.327D-05
   36.050000    2.0462129188107D+00  2.327D-05
   36.100000    2.0462128377701D+00  2.327D-05
   36.150000    2.0462127573998D+00  2.327D-05
   36.200000    2.0462126776934D+00  2.327D-05
   36.250000    2.0462125986445D+00  2.327D-05
   36.300000    2.0462125202467D+00  2.327D-05
   36.350000    2.0462124424938D+00  2.327D-05
   36.400000    2.0462123653797D+00  2.327D-05
   36.450000    2.0462122888983D+00  2.327D-05
   36.500000    2.0462122130434D+00  2.327D-05
   36.550000    2.0462121378091D+00  2.327D-05
   36.600000    2.0462120631895D+00  2.327D-05
   36.650000    2.0462119891787D+00  2.327D-05
   36.700000    2.0462119157710D+00  2.327D-05
   36.750000    2.0462118429606D+00  2.327D-05
   36.800000    2.0462117707418D+00  2.327D-05
   36.850000    2.0462116991092D+00  2.327D-05
   36.900000    2.0462116280571D+00  2.327D-05
   36.950000    2.0462115575800D+00  2.327D-05
   37.000000    2.0462114876725D+00  2.327D-05
   37.050000    2.0462114183293D+00  2.327D-05
   37.100000    2.0462113495451D+00  2.327D-05
   37.150000    2.0462112813145D+00  2.327D-05
   37.200000    2.0462112136325D+00  2.327D-05
   37.250000    2.0462111464938D+00  2.327D-05
   37.300000    2.0462110798935D+00  2.327D-05
   37.350000    2.0462110138264D+00  2.327D-05
   37.400000    2.0462109482876D+00  2.327D-05
   37.450000    2.0462108832722D+00  2.327D-05
   37.500000    2.0462108187753D+00  2.327D-05
   37.550000    2.0462107547921D+00  2.327D-05
   37.600000    2.0462106913178D+00  2.327D-05
   37.650000    2.0462106283477D+00  2.327D-05
   37.700000    2.0462105658772D+00  2.327D-05
   37.750000    2.0462105039015D+00  2.327D-05
   37.800000    2.0462104424163D+00  2.327D-05
   37.850000    2.0462103814169D+00  2.327D-05
   37.900000    2.0462103208988D+00  2.327D-05
   37.950000    2.0462102608577D+00  2.327D-05
   38.000000    2.0462102012891D+00  2.327D-05
   38.050000    2.0462101421888D+00  2.327D-05
   38.100000    2.0462100835524D+00  2.327D-05
   38.150000    2.0462100253757D+00  2.327D-05
   38.200000    2.0462099676545D+00  2.327D-05
   38.250000    2.0462099103847D+00  2.327D-05
   38.300000    2.0462098535621D+00  2.327D-05
   38.350000    2.0462097971827D+00  2.327D-05
   38.400000    2.0462097412424D+00  2.327D-05
   38.450000    2.0462096857372D+00  2.327D-05
   38.500000    2.0462096306633D+00  2.327D-05
   38.550000    2.0462095760167D+00  2.327D-05
   38.600000    2.0462095217935D+00  2.327D-05
   38.650000    2.0462094679900D+00  2.327D-05
   38.700000    2.0462094146022D+00  2.327D-05
   38.750000    2.0462093616266D+00  2.327D-05
   38.800000    2.0462093090594D+00  2.327D-05
   38.850000    2.0462092568969D+00  2.327D-05
   38.900000    2.0462092051355D+00  2.327D-05
   38.950000    2.0462091537716D+00  2.327D-05
   39.000000    2.0462091028016D+00  2.327D-05
   39.050000    2.0462090522221D+00  2.327D-05
   39.100000    2.0462090020295D+00  2.327D-05
   39.150000    2.0462089522204D+00  2.327D-05
   39.200000    2.0462089027914D+00  2.327D-05
   39.250000    2.0462088537391D+00  2.327D-05
   39.300000    2.0462088050601D+00  2.327D-05
   39.350000    2.0462087567512D+00  2.327D-05
   39.400000    2.0462087088090D+00  2.327D-05
   39.450000    2.0462086612304D+00  2.327D-05
   39.500000    2.0462086140120D+00  2.327D-05
   39.550000    2.0462085671508D+00  2.327D-05
   39.600000    2.0462085206436D+00  2.327D-05
   39.650000    2.0462084744873D+00  2.327D-05
   39.700000    2.0462084286787D+00  2.327D-05
   39.750000    2.0462083832149D+00  2.327D-05
   39.800000    2.0462083380928D+00  2.327D-05
   39.850000    2.0462082933094D+00  2.327D-05
   39.900000    2.0462082488618D+00  2.327D-05
   39.950000    2.0462082047470D+00  2.327D-05
   40.000000    2.0462081609621D+00  2.327D-05
   40.050000    2.0462081175043D+00  2.327D-05
   40.100000    2.0462080743707D+00  2.327D-05
   40.150000    2.0462080315584D+00  2.327D-05
   40.200000    2.0462079890647D+00  2.327D-05
   40.250000    2.0462079468869D+00  2.327D-05
   40.300000    2.0462079050222D+00  2.327D-05
   40.350000    2.0462078634678D+00  2.327D-05
   40.400000    2.0462078222212D+00  2.327D-05
   40.450000    2.0462077812796D+00  2.327D-05
   40.500000    2.0462077406404D+00  2.327D-05
   40.550000    2.0462077003011D+00  2.327D-05
   40.600000    2.0462076602590D+00  2.327D-05
   40.650000    2.0462076205116D+00  2.327D-05
   40.700000    2.0462075810563D+00  2.327D-05
   40.750000    2.0462075418908D+00  2.327D-05
   40.800000    2.0462075030124D+00  2.327D-05
   40.850000    2.0462074644187D+00  2.327D-05
   40.900000    2.0462074261073D+00  2.327D-05
   40.950000    2.0462073880759D+00  2.327D-05
   41.000000    2.0462073503219D+00  2.327D-05
   41.050000    2.0462073128431D+00  2.327D-05
   41.100000    2.0462072756371D+00  2.327D-05
   41.150000    2.0462072387017D+00  2.327D-05
   41.200000    2.0462072020344D+00  2.327D-05
   41.250000    2.0462071656331D+00  2.327D-05
   41.300000    2.0462071294955D+00  2.327D-05
   41.350000    2.0462070936193D+00  2.327D-05
   41.400000    2.0462070580024D+00  2.327D-05
   41.450000    2.0462070226426D+00  2.327D-05
   41.500000    2.0462069875378D+00  2.327D-05
   41.550000    2.0462069526857D+00  2.327D-05
   41.600000    2.0462069180842D+00  2.327D-05
   41.650000    2.0462068837314D+00  2.327D-05
   41.700000    2.0462068496250D+00  2.327D-05
   41.750000    2.0462068157630D+00  2.327D-05
   41.800000    2.0462067821434D+00  2.327D-05
   41.850000    2.0462067487641D+00  2.327D-05
   41.900000    2.0462067156232D+00  2.327D-05
   41.950000    2.0462066827187D+00  2.327D-05
   42.000000    2.0462066500486D+00  2.327D-05
   42.050000    2.0462066176109D+00  2.327D-05
   42.100000    2.0462065854038D+00  2.327D-05
   42.150000    2.0462065534253D+00  2.327D-05
   42.200000    2.0462065216736D+00  2.327D-05
   42.250000    2.0462064901467D+00  2.327D-05
   42.300000    2.0462064588428D+00  2.327D-05
   42.350000    2.0462064277600D+00  2.327D-05
   42.400000    2.0462063968967D+00  2.327D-05
   42.450000    2.0462063662508D+00  2.327D-05
   42.500000    2.0462063358207D+00  2.327D-05
   42.550000    2.0462063056046D+00  2.327D-05
   42.600000    2.0462062756008D+00  2.327D-05
   42.650000    2.0462062458074D+00  2.327D-05
   42.700000    2.0462062162228D+00  2.327D-05
   42.750000    2.0462061868453D+00  2.327D-05
   42.800000    2.0462061576732D+00  2.327D-05
   42.850000    2.0462061287047D+00  2.327D-05
   42.900000    2.0462060999384D+00  2.327D-05
   42.950000    2.0462060713724D+00  2.327D-05
   43.000000    2.0462060430052D+00  2.327D-05
   43.050000    2.0462060148352D+00  2.327D-05
   43.100000    2.0462059868608D+00  2.327D-05
   43.150000    2.0462059590803D+00  2.327D-05
   43.200000    2.0462059314923D+00  2.327D-05
   43.250000    2.0462059040951D+00  2.327D-05
   43.300000    2.0462058768873D+00  2.327D-05
   43.350000    2.0462058498673D+00  2.327D-05
   43.400000    2.0462058230336D+00  2.327D-05
   43.450000    2.0462057963847D+00  2.327D-05
   43.500000    2.0462057699191D+00  2.327D-05
   43.550000    2.0462057436354D+00  2.327D-05
   43.600000    2.0462057175320D+00  2.327D-05
   43.650000    2.0462056916076D+00  2.327D-05
   43.700000    2.0462056658607D+00  2.327D-05
   43.750000    2.0462056402900D+00  2.327D-05
   43.800000    2.0462056148939D+00  2.327D-05
   43.850000    2.0462055896711D+00  2.327D-05
   43.900000    2.0462055646203D+00  2.327D-05
   43.950000    2.0462055397400D+00  2.327D-05
   44.000000    2.0462055150290D+00  2.327D-05
   44.050000    2.0462054904858D+00  2.327D-05
   44.100000    2.0462054661092D+00  2.327D-05
   44.150000    2.0462054418978D+00  2.327D-05
   44.200000    2.0462054178503D+00  2.327D-05
   44.250000    2.0462053939654D+00  2.327D-05
   44.300000    2.0462053702419D+00  2.327D-05
   44.350000    2.0462053466785D+00  2.327D-05
   44.400000    2.0462053232739D+00  2.327D-05
   44.450000    2.0462053000268D+00  2.327D-05
   44.500000    2.0462052769361D+00  2.327D-05
   44.550000    2.0462052540005D+00  2.327D-05
   44.600000    2.0462052312188D+00  2.327D-05
   44.650000    2.0462052085898D+00  2.327D-05
   44.700000    2.0462051861123D+00  2.327D-05
   44.750000    2.0462051637851D+00  2.327D-05
   44.800000    2.0462051416070D+00  2.327D-05
   44.850000    2.0462051195769D+00  2.327D-05
   44.900000    2.0462050976937D+00  2.327D-05
   44.950000    2.0462050759562D+00  2.327D-05
   45.000000    2.0462050543632D+00  2.327D-05
   45.050000    2.0462050329137D+00  2.327D-05
   45.100000    2.0462050116065D+00  2.327D-05
   45.150000    2.0462049904405D+00  2.327D-05
   45.200000    2.0462049694147D+00  2.327D-05
   45.250000    2.0462049485279D+00  2.327D-05
   45.300000    2.0462049277791D+00  2.327D-05
   45.350000    2.0462049071673D+00  2.327D-05
   45.400000    2.0462048866913D+00  2.327D-05
   45.450000    2.0462048663502D+00  2.327D-05
   45.500000    2.0462048461428D+00  2.327D-05
   45.550000    2.0462048260682D+00  2.327D-05
   45.600000    2.0462048061254D+00  2.327D-05
   45.650000    2.0462047863133D+00  2.327D-05
   45.700000    2.0462047666310D+00  2.327D-05
   45.750000    2.0462047470774D+00  2.327D-05
   45.800000    2.0462047276516D+00  2.327D-05
   45.850000    2.0462047083526D+00  2.327D-05
   45.900000    2.0462046891795D+00  2.327D-05
   45.950000    2.0462046701312D+00  2.327D-05
   46.000000    2.0462046512069D+00  2.327D-05
   46.050000    2.0462046324055D+00  2.327D-05
   46.100000    2.0462046137262D+00  2.327D-05
   46.150000    2.0462045951681D+00  2.327D-05
   46.200000    2.0462045767301D+00  2.327D-05
   46.250000    2.0462045584115D+00  2.327D-05
   46.300000    2.0462045402113D+00  2.327D-05
   46.350000    2.0462045221287D+00  2.327D-05
   46.400000    2.0462045041626D+00  2.327D-05
   46.450000    2.0462044863124D+00  2.327D-05
   46.500000    2.0462044685770D+00  2.327D-05
   46.550000    2.0462044509556D+00  2.327D-05
   46.600000    2.0462044334475D+00  2.327D-05
   46.650000    2.0462044160516D+00  2.327D-05
   46.700000    2.0462043987673D+00  2.327D-05
   46.750000    2.0462043815936D+00  2.327D-05
   46.800000    2.0462043645298D+00  2.327D-05
   46.850000    2.0462043475749D+00  2.327D-05
   46.900000    2.0462043307283D+00  2.327D-05
   46.950000    2.0462043139891D+00  2.327D-05
   47.000000    2.0462042973564D+00  2.327D-05
   47.050000    2.0462042808296D+00  2.327D-05
   47.100000    2.0462042644078D+00  2.327D-05
   47.150000    2.0462042480902D+00  2.327D-05
   47.200000    2.0462042318761D+00  2.327D-05
   47.250000    2.0462042157648D+00  2.327D-05
   47.300000    2.0462041997553D+00  2.327D-05
   47.350000    2.0462041838471D+00  2.327D-05
   47.400000    2.0462041680394D+00  2.327D-05
   47.450000    2.0462041523313D+00  2.327D-05
   47.500000    2.0462041367222D+00  2.327D-05
   47.550000    2.0462041212114D+00  2.327D-05
   47.600000    2.0462041057982D+00  2.327D-05
   47.650000    2.0462040904817D+00  2.327D-05
   47.700000    2.0462040752614D+00  2.327D-05
   47.750000    2.0462040601364D+00  2.327D-05
   47.800000    2.0462040451062D+00  2.327D-05
   47.850000    2.0462040301700D+00  2.327D-05
   47.900000    2.0462040153271D+00  2.327D-05
   47.950000    2.0462040005769D+00  2.327D-05
   48.000000    2.0462039859187D+00  2.327D-05
   48.050000    2.0462039713518D+00  2.327D-05
   48.100000    2.0462039568755D+00  2.327D-05
   48.150000    2.0462039424892D+00  2.327D-05
   48.200000    2.0462039281923D+00  2.327D-05
   48.250000    2.0462039139841D+00  2.327D-05
   48.300000    2.0462038998639D+00  2.327D-05
   48.350000    2.0462038858311D+00  2.327D-05
   48.400000    2.0462038718851D+00  2.327D-05
   48.450000    2.0462038580253D+00  2.327D-05
   48.500000    2.0462038442510D+00  2.327D-05
   48.550000    2.0462038305617D+00  2.327D-05
   48.600000    2.0462038169566D+00  2.327D-05
   48.650000    2.0462038034353D+00  2.327D-05
   48.700000    2.0462037899971D+00  2.327D-05
   48.750000    2.0462037766414D+00  2.327D-05
   48.800000    2.0462037633676D+00  2.327D-05
   48.850000    2.0462037501752D+00  2.327D-05
   48.900000    2.0462037370635D+00  2.327D-05
   48.950000    2.0462037240320D+00  2.327D-05
   49.000000    2.0462037110801D+00  2.327D-05
   49.050000    2.0462036982072D+00  2.327D-05
   49.100000    2.0462036854129D+00  2.327D-05
   49.150000    2.0462036726964D+00  2.327D-05
   49.200000    2.0462036600573D+00  2.327D-05
   49.250000    2.0462036474951D+00  2.327D-05
   49.300000    2.0462036350091D+00  2.327D-05
   49.350000    2.0462036225989D+00  2.327D-05
   49.400000    2.0462036102638D+00  2.327D-05
   49.450000    2.0462035980035D+00  2.327D-05
   49.500000    2.0462035858172D+00  2.327D-05
   49.550000    2.0462035737046D+00  2.327D-05
   49.600000    2.0462035616651D+00  2.327D-05
   49.650000    2.0462035496982D+00  2.327D-05
   49.700000    2.0462035378034D+00  2.327D-05
   49.750000    2.0462035259801D+00  2.327D-05
   49.800000    2.0462035142280D+00  2.327D-05
   49.850000    2.0462035025464D+00  2.327D-05
   49.900000    2.0462034909348D+00  2.327D-05
   49.950000    2.0462034793929D+00  2.327D-05
   50.000000    2.0462034679200D+00  2.327D-05
   50.050000    2.0462034565158D+00  2.327D-05
   50.100000    2.0462034451797D+00  2.327D-05
   50.150000    2.0462034339113D+00  2.327D-05
   50.200000    2.0462034227101D+00  2.327D-05
   50.250000    2.0462034115757D+00  2.327D-05
   50.300000    2.0462034005074D+00  2.327D-05
   50.350000    2.0462033895050D+00  2.327D-05
   50.400000    2.0462033785680D+00  2.327D-05
   50.450000    2.0462033676958D+00  2.327D-05
   50.500000    2.0462033568881D+00  2.327D-05
   50.550000    2.0462033461444D+00  2.327D-05
   50.600000    2.0462033354643D+00  2.327D-05
   50.650000    2.0462033248473D+00  2.327D-05
   50.700000    2.0462033142930D+00  2.327D-05
   50.750000    2.0462033038009D+00  2.327D-05
   50.800000    2.0462032933707D+00  2.327D-05
   50.850000    2.0462032830019D+00  2.327D-05
   50.900000    2.0462032726940D+00  2.327D-05
   50.950000    2.0462032624468D+00  2.327D-05
   51.000000    2.0462032522597D+00  2.327D-05
   51.050000    2.0462032421323D+00  2.327D-05
   51.100000    2.0462032320642D+00  2.327D-05
   51.150000    2.0462032220551D+00  2.327D-05
   51.200000    2.0462032121045D+00  2.327D-05
   51.250000    2.0462032022121D+00  2.327D-05
   51.300000    2.0462031923773D+00  2.327D-05
   51.350000    2.0462031825999D+00  2.327D-05
   51.400000    2.0462031728795D+00  2.327D-05
   51.450000    2.0462031632156D+00  2.327D-05
   51.500000    2.0462031536079D+00  2.327D-05
   51.550000    2.0462031440560D+00  2.327D-05
   51.600000    2.0462031345595D+00  2.327D-05
   51.650000    2.0462031251180D+00  2.327D-05
   51.700000    2.0462031157313D+00  2.327D-05
   51.750000    2.0462031063988D+00  2.327D-05
   51.800000    2.0462030971203D+00  2.327D-05
   51.850000    2.0462030878953D+00  2.327D-05
   51.900000    2.0462030787236D+00  2.327D-05
   51.950000    2.0462030696047D+00  2.327D-05
   52.000000    2.0462030605383D+00  2.327D-05
   52.050000    2.0462030515241D+00  2.327D-05
   52.100000    2.0462030425616D+00  2.327D-05
   52.150000    2.0462030336507D+00  2.327D-05
   52.200000    2.0462030247908D+00  2.327D-05
   52.250000    2.0462030159817D+00  2.327D-05
   52.300000    2.0462030072230D+00  2.327D-05
   52.350000    2.0462029985144D+00  2.327D-05
   52.400000    2.0462029898556D+00  2.327D-05
   52.450000    2.0462029812462D+00  2.327D-05
   52.500000    2.0462029726859D+00  2.327D-05
   52.550000    2.0462029641743D+00  2.327D-05
   52.600000    2.0462029557113D+00  2.327D-05
   52.650000    2.0462029472963D+00  2.327D-05
   52.700000    2.0462029389291D+00  2.327D-05
   52.750000    2.0462029306095D+00  2.327D-05
   52.800000    2.0462029223370D+00  2.327D-05
   52.850000    2.0462029141114D+00  2.327D-05
   52.900000    2.0462029059323D+00  2.327D-05
   52.950000    2.0462028977995D+00  2.327D-05
   53.000000    2.0462028897126D+00  2.327D-05
   53.050000    2.0462028816713D+00  2.327D-05
   53.100000    2.0462028736754D+00  2.327D-05
   53.150000    2.0462028657246D+00  2.327D-05
   53.200000    2.0462028578185D+00  2.327D-05
   53.250000    2.0462028499568D+00  2.327D-05
   53.300000    2.0462028421393D+00  2.327D-05
   53.350000    2.0462028343657D+00  2.327D-05
   53.400000    2.0462028266357D+00  2.327D-05
   53.450000    2.0462028189489D+00  2.327D-05
   53.500000    2.0462028113052D+00  2.327D-05
   53.550000    2.0462028037042D+00  2.327D-05
   53.600000    2.0462027961457D+00  2.327D-05
   53.650000    2.0462027886294D+00  2.327D-05
   53.700000    2.0462027811549D+00  2.327D-05
   53.750000    2.0462027737221D+00  2.327D-05
   53.800000    2.0462027663307D+00  2.327D-05
   53.850000    2.0462027589804D+00  2.327D-05
   53.900000    2.0462027516709D+00  2.327D-05
   53.950000    2.0462027444019D+00  2.327D-05
   54.000000    2.0462027371733D+00  2.327D-05
   54.050000    2.0462027299847D+00  2.327D-05
   54.100000    2.0462027228359D+00  2.327D-05
   54.150000    2.0462027157266D+00  2.327D-05
   54.200000    2.0462027086566D+00  2.327D-05
   54.250000    2.0462027016256D+00  2.327D-05
   54.300000    2.0462026946334D+00  2.327D-05
   54.350000    2.0462026876797D+00  2.327D-05
   54.400000    2.0462026807643D+00  2.327D-05
   54.450000    2.0462026738869D+00  2.327D-05
   54.500000    2.0462026670473D+00  2.327D-05
   54.550000    2.0462026602453D+00  2.327D-05
   54.600000    2.0462026534805D+00  2.327D-05
   54.650000    2.0462026467528D+00  2.327D-05
   54.700000    2.0462026400619D+00  2.327D-05
   54.750000    2.0462026334077D+00  2.327D-05
   54.800000    2.0462026267897D+00  2.327D-05
   54.850000    2.0462026202079D+00  2.327D-05
   54.900000    2.0462026136620D+00  2.327D-05
   54.950000    2.0462026071518D+00  2.327D-05
   55.000000    2.0462026006770D+00  2.327D-05
   55.050000    2.0462025942375D+00  2.327D-05
   55.100000    2.0462025878329D+00  2.327D-05
   55.150000    2.0462025814631D+00  2.327D-05
   55.200000    2.0462025751278D+00  2.327D-05
   55.250000    2.0462025688269D+00  2.327D-05
   55.300000    2.0462025625601D+00  2.327D-05
   55.350000    2.0462025563272D+00  2.327D-05
   55.400000    2.0462025501280D+00  2.327D-05
   55.450000    2.0462025439623D+00  2.327D-05
   55.500000    2.0462025378298D+00  2.327D-05
   55.550000    2.0462025317304D+00  2.327D-05
   55.600000    2.0462025256639D+00  2.327D-05
   55.650000    2.0462025196299D+00  2.327D-05
   55.700000    2.0462025136285D+00  2.327D-05
   55.750000    2.0462025076592D+00  2.327D-05
   55.800000    2.0462025017220D+00  2.327D-05
   55.850000    2.0462024958166D+00  2.327D-05
   55.900000    2.0462024899429D+00  2.327D-05
   55.950000    2.0462024841005D+00  2.327D-05
   56.000000    2.0462024782895D+00  2.327D-05
   56.050000    2.0462024725094D+00  2.327D-05
   56.100000    2.0462024667603D+00  2.327D-05
   56.150000    2.0462024610417D+00  2.327D-05
   56.200000    2.0462024553537D+00  2.327D-05
   56.250000    2.0462024496959D+00  2.327D-05
   56.300000    2.0462024440682D+00  2.327D-05
   56.350000    2.0462024384705D+00  2.327D-05
   56.400000    2.0462024329024D+00  2.327D-05
   56.450000    2.0462024273639D+00  2.328D-05
   56.500000    2.0462024218547D+00  2.328D-05
   56.550000    2.0462024163747D+00  2.328D-05
   56.600000    2.0462024109237D+00  2.328D-05
   56.650000    2.0462024055015D+00  2.328D-05
   56.700000    2.0462024001080D+00  2.328D-05
   56.750000    2.0462023947429D+00  2.328D-05
   56.800000    2.0462023894061D+00  2.328D-05
   56.850000    2.0462023840974D+00  2.328D-05
   56.900000    2.0462023788166D+00  2.328D-05
   56.950000    2.0462023735636D+00  2.328D-05
   57.000000    2.0462023683382D+00  2.328D-05
   57.050000    2.0462023631403D+00  2.328D-05
   57.100000    2.0462023579696D+00  2.328D-05
   57.150000    2.0462023528260D+00  2.328D-05
   57.200000    2.0462023477093D+00  2.328D-05
   57.250000    2.0462023426193D+00  2.328D-05
   57.300000    2.0462023375560D+00  2.328D-05
   57.350000    2.0462023325191D+00  2.328D-05
   57.400000    2.0462023275085D+00  2.328D-05
   57.450000    2.0462023225240D+00  2.328D-05
   57.500000    2.0462023175655D+00  2.328D-05
   57.550000    2.0462023126328D+00  2.328D-05
   57.600000    2.0462023077257D+00  2.328D-05
   57.650000    2.0462023028441D+00  2.328D-05
   57.700000    2.0462022979878D+00  2.328D-05
   57.750000    2.0462022931567D+00  2.328D-05
   57.800000    2.0462022883507D+00  2.328D-05
   57.850000    2.0462022835695D+00  2.328D-05
   57.900000    2.0462022788131D+00  2.328D-05
   57.950000    2.0462022740812D+00  2.328D-05
   58.000000    2.0462022693738D+00  2.328D-05
   58.050000    2.0462022646906D+00  2.328D-05
   58.100000    2.0462022600316D+00  2.328D-05
   58.150000    2.0462022553966D+00  2.328D-05
   58.200000    2.0462022507854D+00  2.328D-05
   58.250000    2.0462022461980D+00  2.328D-05
   58.300000    2.0462022416341D+00  2.328D-05
   58.350000    2.0462022370936D+00  2.328D-05
   58.400000    2.0462022325764D+00  2.328D-05
   58.450000    2.0462022280823D+00  2.328D-05
   58.500000    2.0462022236113D+00  2.328D-05
   58.550000    2.0462022191631D+00  2.328D-05
   58.600000    2.0462022147377D+00  2.328D-05
   58.650000    2.0462022103348D+00  2.328D-05
   58.700000    2.0462022059544D+00  2.328D-05
   58.750000    2.0462022015964D+00  2.328D-05
   58.800000    2.0462021972605D+00  2.328D-05
   58.850000    2.0462021929467D+00  2.328D-05
   58.900000    2.0462021886548D+00  2.328D-05
   58.950000    2.0462021843848D+00  2.328D-05
   59.000000    2.0462021801364D+00  2.328D-05
   59.050000    2.0462021759095D+00  2.328D-05
   59.100000    2.0462021717041D+00  2.328D-05
   59.150000    2.0462021675200D+00  2.328D-05
   59.200000    2.0462021633570D+00  2.328D-05
   59.250000    2.0462021592151D+00  2.328D-05
   59.300000    2.0462021550941D+00  2.328D-05
   59.350000    2.0462021509939D+00  2.328D-05
   59.400000    2.0462021469143D+00  2.328D-05
   59.450000    2.0462021428553D+00  2.328D-05
   59.500000    2.0462021388168D+00  2.328D-05
   59.550000    2.0462021347985D+00  2.328D-05
   59.600000    2.0462021308004D+00  2.328D-05
   59.650000    2.0462021268224D+00  2.328D-05
   59.700000    2.0462021228644D+00  2.328D-05
   59.750000    2.0462021189262D+00  2.328D-05
   59.800000    2.0462021150077D+00  2.328D-05
   59.850000    2.0462021111089D+00  2.328D-05
   59.900000    2.0462021072295D+00  2.328D-05
   59.950000    2.0462021033695D+00  2.328D-05
   60.000000    2.0462020995288D+00  2.328D-05
   60.050000    2.0462020957072D+00  2.328D-05
   60.100000    2.0462020919047D+00  2.328D-05
   60.150000    2.0462020881211D+00  2.328D-05
   60.200000    2.0462020843563D+00  2.328D-05
   60.250000    2.0462020806102D+00  2.328D-05
   60.300000    2.0462020768828D+00  2.328D-05
   60.350000    2.0462020731738D+00  2.328D-05
   60.400000    2.0462020694832D+00  2.328D-05
   60.450000    2.0462020658110D+00  2.328D-05
   60.500000    2.0462020621568D+00  2.328D-05
   60.550000    2.0462020585208D+00  2.328D-05
   60.600000    2.0462020549027D+00  2.328D-05
   60.650000    2.0462020513025D+00  2.328D-05
   60.700000    2.0462020477201D+00  2.328D-05
   60.750000    2.0462020441553D+00  2.328D-05
   60.800000    2.0462020406081D+00  2.328D-05
   60.850000    2.0462020370784D+00  2.328D-05
   60.900000    2.0462020335660D+00  2.328D-05
   60.950000    2.0462020300708D+00  2.328D-05
   61.000000    2.0462020265928D+00  2.328D-05
   61.050000    2.0462020231319D+00  2.328D-05
   61.100000    2.0462020196880D+00  2.328D-05
   61.150000    2.0462020162609D+00  2.328D-05
   61.200000    2.0462020128506D+00  2.328D-05
   61.250000    2.0462020094569D+00  2.328D-05
   61.300000    2.0462020060799D+00  2.328D-05
   61.350000    2.0462020027193D+00  2.328D-05
   61.400000    2.0462019993751D+00  2.328D-05
   61.450000    2.0462019960472D+00  2.328D-05
   61.500000    2.0462019927355D+00  2.328D-05
   61.550000    2.0462019894400D+00  2.328D-05
   61.600000    2.0462019861604D+00  2.328D-05
   61.650000    2.0462019828968D+00  2.328D-05
   61.700000    2.0462019796491D+00  2.328D-05
   61.750000    2.0462019764170D+00  2.328D-05
   61.800000    2.0462019732007D+00  2.328D-05
   61.850000    2.0462019699999D+00  2.328D-05
   61.900000    2.0462019668146D+00  2.328D-05
   61.950000    2.0462019636447D+00  2.328D-05
   62.000000    2.0462019604901D+00  2.328D-05
   62.050000    2.0462019573508D+00  2.328D-05
   62.100000    2.0462019542266D+00  2.328D-05
   62.150000    2.0462019511174D+00  2.328D-05
   62.200000    2.0462019480232D+00  2.328D-05
   62.250000    2.0462019449439D+00  2.328D-05
   62.300000    2.0462019418794D+00  2.328D-05
   62.350000    2.0462019388297D+00  2.328D-05
   62.400000    2.0462019357945D+00  2.328D-05
   62.450000    2.0462019327739D+00  2.328D-05
   62.500000    2.0462019297678D+00  2.328D-05
   62.550000    2.0462019267761D+00  2.328D-05
   62.600000    2.0462019237987D+00  2.328D-05
   62.650000    2.0462019208356D+00  2.328D-05
   62.700000    2.0462019178866D+00  2.328D-05
   62.750000    2.0462019149516D+00  2.328D-05
   62.800000    2.0462019120307D+00  2.328D-05
   62.850000    2.0462019091237D+00  2.328D-05
   62.900000    2.0462019062305D+00  2.328D-05
   62.950000    2.0462019033511D+00  2.328D-05
   63.000000    2.0462019004854D+00  2.328D-05
   63.050000    2.0462018976333D+00  2.328D-05
   63.100000    2.0462018947947D+00  2.328D-05
   63.150000    2.0462018919696D+00  2.328D-05
   63.200000    2.0462018891579D+00  2.328D-05
   63.250000    2.0462018863594D+00  2.328D-05
   63.300000    2.0462018835743D+00  2.328D-05
   63.350000    2.0462018808023D+00  2.328D-05
   63.400000    2.0462018780434D+00  2.328D-05
   63.450000    2.0462018752975D+00  2.328D-05
   63.500000    2.0462018725646D+00  2.328D-05
   63.550000    2.0462018698445D+00  2.328D-05
   63.600000    2.0462018671373D+00  2.328D-05
   63.650000    2.0462018644428D+00  2.328D-05
   63.700000    2.0462018617610D+00  2.328D-05
   63.750000    2.0462018590917D+00  2.328D-05
   63.800000    2.0462018564351D+00  2.328D-05
   63.850000    2.0462018537908D+00  2.328D-05
   63.900000    2.0462018511590D+00  2.328D-05
   63.950000    2.0462018485395D+00  2.328D-05
   64.000000    2.0462018459322D+00  2.328D-05
   64.050000    2.0462018433371D+00  2.328D-05
   64.100000    2.0462018407542D+00  2.328D-05
   64.150000    2.0462018381833D+00  2.328D-05
   64.200000    2.0462018356244D+00  2.328D-05
   64.250000    2.0462018330775D+00  2.328D-05
   64.300000    2.0462018305424D+00  2.328D-05
   64.350000    2.0462018280191D+00  2.328D-05
   64.400000    2.0462018255076D+00  2.328D-05
   64.450000    2.0462018230077D+00  2.328D-05
   64.500000    2.0462018205194D+00  2.328D-05
   64.550000    2.0462018180427D+00  2.328D-05
   64.600000    2.0462018155774D+00  2.328D-05
   64.650000    2.0462018131236D+00  2.328D-05
   64.700000    2.0462018106811D+00  2.328D-05
   64.750000    2.0462018082500D+00  2.328D-05
   64.800000    2.0462018058300D+00  2.328D-05
   64.850000    2.0462018034213D+00  2.328D-05
   64.900000    2.0462018010237D+00  2.328D-05
   64.950000    2.0462017986371D+00  2.328D-05
   65.000000    2.0462017962615D+00  2.328D-05
   65.050000    2.0462017938969D+00  2.328D-05
   65.100000    2.0462017915431D+00  2.328D-05
   65.150000    2.0462017892002D+00  2.328D-05
   65.200000    2.0462017868680D+00  2.328D-05
   65.250000    2.0462017845465D+00  2.328D-05
   65.300000    2.0462017822357D+00  2.328D-05
   65.350000    2.0462017799355D+00  2.328D-05
   65.400000    2.0462017776458D+00  2.328D-05
   65.450000    2.0462017753666D+00  2.328D-05
   65.500000    2.0462017730978D+00  2.328D-05
   65.550000    2.0462017708393D+00  2.328D-05
   65.600000    2.0462017685912D+00  2.328D-05
   65.650000    2.0462017663534D+00  2.328D-05
   65.700000    2.0462017641257D+00  2.328D-05
   65.750000    2.0462017619082D+00  2.328D-05
   65.800000    2.0462017597008D+00  2.328D-05
   65.850000    2.0462017575034D+00  2.328D-05
   65.900000    2.0462017553160D+00  2.328D-05
   65.950000    2.0462017531386D+00  2.328D-05
   66.000000    2.0462017509710D+00  2.328D-05
   66.050000    2.0462017488133D+00  2.328D-05
   66.100000    2.0462017466653D+00  2.328D-05
   66.150000    2.0462017445271D+00  2.328D-05
   66.200000    2.0462017423985D+00  2.328D-05
   66.250000    2.0462017402796D+00  2.328D-05
   66.300000    2.0462017381702D+00  2.328D-05
   66.350000    2.0462017360704D+00  2.328D-05
   66.400000    2.0462017339800D+00  2.328D-05
   66.450000    2.0462017318991D+00  2.328D-05
   66.500000    2.0462017298275D+00  2.328D-05
   66.550000    2.0462017277652D+00  2.328D-05
   66.600000    2.0462017257123D+00  2.328D-05
   66.650000    2.0462017236685D+00  2.328D-05
   66.700000    2.0462017216339D+00  2.328D-05
   66.750000    2.0462017196085D+00  2.328D-05
   66.800000    2.0462017175922D+00  2.328D-05
   66.850000    2.0462017155848D+00  2.328D-05
   66.900000    2.0462017135865D+00  2.328D-05
   66.950000    2.0462017115971D+00  2.328D-05
   67.000000    2.0462017096166D+00  2.328D-05
   67.050000    2.0462017076450D+00  2.328D-05
   67.100000    2.0462017056821D+00  2.328D-05
   67.150000    2.0462017037280D+00  2.328D-05
   67.200000    2.0462017017826D+00  2.328D-05
   67.250000    2.0462016998459D+00  2.328D-05
   67.300000    2.0462016979178D+00  2.328D-05
   67.350000    2.0462016959983D+00  2.328D-05
   67.400000    2.0462016940873D+00  2.328D-05
   67.450000    2.0462016921848D+00  2.328D-05
   67.500000    2.0462016902907D+00  2.328D-05
   67.550000    2.0462016884051D+00  2.328D-05
   67.600000    2.0462016865278D+00  2.328D-05
   67.650000    2.0462016846588D+00  2.328D-05
   67.700000    2.0462016827980D+00  2.328D-05
   67.750000    2.0462016809455D+00  2.328D-05
   67.800000    2.0462016791012D+00  2.328D-05
   67.850000    2.0462016772650D+00  2.328D-05
   67.900000    2.0462016754370D+00  2.328D-05
   67.950000    2.0462016736170D+00  2.328D-05
   68.000000    2.0462016718050D+00  2.328D-05
   68.050000    2.0462016700009D+00  2.328D-05
   68.100000    2.0462016682049D+00  2.328D-05
   68.150000    2.0462016664167D+00  2.328D-05
   68.200000    2.0462016646363D+00  2.328D-05
   68.250000    2.0462016628638D+00  2.328D-05
   68.300000    2.0462016610991D+00  2.328D-05
   68.350000    2.0462016593420D+00  2.328D-05
   68.400000    2.0462016575927D+00  2.328D-05
   68.450000    2.0462016558511D+00  2.328D-05
   68.500000    2.0462016541170D+00  2.328D-05
   68.550000    2.0462016523905D+00  2.328D-05
   68.600000    2.0462016506716D+00  2.328D-05
   68.650000    2.0462016489602D+00  2.328D-05
   68.700000    2.0462016472562D+00  2.328D-05
   68.750000    2.0462016455597D+00  2.328D-05
   68.800000    2.0462016438705D+00  2.328D-05
   68.850000    2.0462016421887D+00  2.328D-05
   68.900000    2.0462016405142D+00  2.328D-05
   68.950000    2.0462016388470D+00  2.328D-05
   69.000000    2.0462016371870D+00  2.328D-05
   69.050000    2.0462016355342D+00  2.328D-05
   69.100000    2.0462016338886D+00  2.328D-05
   69.150000    2.0462016322501D+00  2.328D-05
   69.200000    2.0462016306187D+00  2.328D-05
   69.250000    2.0462016289944D+00  2.328D-05
   69.300000    2.0462016273771D+00  2.328D-05
   69.350000    2.0462016257667D+00  2.328D-05
   69.400000    2.0462016241633D+00  2.328D-05
   69.450000    2.0462016225669D+00  2.328D-05
   69.500000    2.0462016209773D+00  2.328D-05
   69.550000    2.0462016193946D+00  2.328D-05
   69.600000    2.0462016178186D+00  2.328D-05
   69.650000    2.0462016162495D+00  2.328D-05
   69.700000    2.0462016146871D+00  2.328D-05
   69.750000    2.0462016131314D+00  2.328D-05
   69.800000    2.0462016115824D+00  2.328D-05
   69.850000    2.0462016100400D+00  2.328D-05
   69.900000    2.0462016085042D+00  2.328D-05
   69.950000    2.0462016069750D+00  2.328D-05
   70.000000    2.0462016054524D+00  2.328D-05
   70.050000    2.0462016039363D+00  2.328D-05
   70.100000    2.0462016024266D+00  2.328D-05
   70.150000    2.0462016009234D+00  2.328D-05
   70.200000    2.0462015994266D+00  2.328D-05
   70.250000    2.0462015979362D+00  2.328D-05
   70.300000    2.0462015964522D+00  2.328D-05
   70.350000    2.0462015949744D+00  2.328D-05
   70.400000    2.0462015935030D+00  2.328D-05
   70.450000    2.0462015920378D+00  2.328D-05
   70.500000    2.0462015905788D+00  2.328D-05
   70.550000    2.0462015891260D+00  2.328D-05
   70.600000    2.0462015876794D+00  2.328D-05
   70.650000    2.0462015862389D+00  2.328D-05
   70.700000    2.0462015848046D+00  2.328D-05
   70.750000    2.0462015833763D+00  2.328D-05
   70.800000    2.0462015819540D+00  2.328D-05
   70.850000    2.0462015805378D+00  2.328D-05
   70.900000    2.0462015791275D+00  2.328D-05
   70.950000    2.0462015777232D+00  2.328D-05
   71.000000    2.0462015763248D+00  2.328D-05
   71.050000    2.0462015749324D+00  2.328D-05
   71.100000    2.0462015735457D+00  2.328D-05
   71.150000    2.0462015721650D+00  2.328D-05
   71.200000    2.0462015707900D+00  2.328D-05
   71.250000    2.0462015694208D+00  2.328D-05
   71.300000    2.0462015680574D+00  2.328D-05
   71.350000    2.0462015666997D+00  2.328D-05
   71.400000    2.0462015653477D+00  2.328D-05
   71.450000    2.0462015640013D+00  2.328D-05
   71.500000    2.0462015626606D+00  2.328D-05
   71.550000    2.0462015613255D+00  2.328D-05
   71.600000    2.0462015599960D+00  2.328D-05
   71.650000    2.0462015586721D+00  2.328D-05
   71.700000    2.0462015573537D+00  2.328D-05
   71.750000    2.0462015560408D+00  2.328D-05
   71.800000    2.0462015547333D+00  2.328D-05
   71.850000    2.0462015534313D+00  2.328D-05
   71.900000    2.0462015521348D+00  2.328D-05
   71.950000    2.0462015508436D+00  2.328D-05
   72.000000    2.0462015495579D+00  2.328D-05
   72.050000    2.0462015482774D+00  2.328D-05
   72.100000    2.0462015470023D+00  2.328D-05
   72.150000    2.0462015457325D+00  2.328D-05
   72.200000    2.0462015444679D+00  2.328D-05
   72.250000    2.0462015432086D+00  2.328D-05
   72.300000    2.0462015419545D+00  2.328D-05
   72.350000    2.0462015407056D+00  2.328D-05
   72.400000    2.0462015394619D+00  2.328D-05
   72.450000    2.0462015382233D+00  2.328D-05
   72.500000    2.0462015369898D+00  2.328D-05
   72.550000    2.0462015357614D+00  2.328D-05
   72.600000    2.0462015345381D+00  2.328D-05
   72.650000    2.0462015333199D+00  2.328D-05
   72.700000    2.0462015321066D+00  2.328D-05
   72.750000    2.0462015308984D+00  2.328D-05
   72.800000    2.0462015296951D+00  2.328D-05
   72.850000    2.0462015284968D+00  2.328D-05
   72.900000    2.0462015273034D+00  2.328D-05
   72.950000    2.0462015261149D+00  2.328D-05
   73.000000    2.0462015249312D+00  2.328D-05
   73.050000    2.0462015237525D+00  2.328D-05
   73.100000    2.0462015225785D+00  2.328D-05
   73.150000    2.0462015214094D+00  2.328D-05
   73.200000    2.0462015202450D+00  2.328D-05
   73.250000    2.0462015190855D+00  2.328D-05
   73.300000    2.0462015179306D+00  2.328D-05
   73.350000    2.0462015167805D+00  2.328D-05
   73.400000    2.0462015156350D+00  2.328D-05
   73.450000    2.0462015144943D+00  2.328D-05
   73.500000    2.0462015133582D+00  2.328D-05
   73.550000    2.0462015122267D+00  2.328D-05
   73.600000    2.0462015110998D+00  2.328D-05
   73.650000    2.0462015099775D+00  2.328D-05
   73.700000    2.0462015088598D+00  2.328D-05
   73.750000    2.0462015077466D+00  2.328D-05
   73.800000    2.0462015066379D+00  2.328D-05
   73.850000    2.0462015055337D+00  2.328D-05
   73.900000    2.0462015044340D+00  2.328D-05
   73.950000    2.0462015033388D+00  2.328D-05
   74.000000    2.0462015022479D+00  2.328D-05
   74.050000    2.0462015011615D+00  2.328D-05
   74.100000    2.0462015000795D+00  2.328D-05
   74.150000    2.0462014990019D+00  2.328D-05
   74.200000    2.0462014979286D+00  2.328D-05
   74.250000    2.0462014968597D+00  2.328D-05
   74.300000    2.0462014957950D+00  2.328D-05
   74.350000    2.0462014947347D+00  2.328D-05
   74.400000    2.0462014936786D+00  2.328D-05
   74.450000    2.0462014926267D+00  2.328D-05
   74.500000    2.0462014915791D+00  2.328D-05
   74.550000    2.0462014905357D+00  2.328D-05
   74.600000    2.0462014894965D+00  2.328D-05
   74.650000    2.0462014884615D+00  2.328D-05
   74.700000    2.0462014874306D+00  2.328D-05
   74.750000    2.0462014864039D+00  2.328D-05
   74.800000    2.0462014853812D+00  2.328D-05
   74.850000    2.0462014843627D+00  2.328D-05
   74.900000    2.0462014833482D+00  2.328D-05
   74.950000    2.0462014823378D+00  2.328D-05
   75.000000    2.0462014813314D+00  2.328D-05
   75.050000    2.0462014803290D+00  2.328D-05
   75.100000    2.0462014793307D+00  2.328D-05
   75.150000    2.0462014783363D+00  2.328D-05
   75.200000    2.0462014773459D+00  2.328D-05
   75.250000    2.0462014763594D+00  2.328D-05
   75.300000    2.0462014753768D+00  2.328D-05
   75.350000    2.0462014743982D+00  2.328D-05
   75.400000    2.0462014734234D+00  2.328D-05
   75.450000    2.0462014724525D+00  2.328D-05
   75.500000    2.0462014714855D+00  2.328D-05
   75.550000    2.0462014705223D+00  2.328D-05
   75.600000    2.0462014695629D+00  2.328D-05
   75.650000    2.0462014686073D+00  2.328D-05
   75.700000    2.0462014676555D+00  2.328D-05
   75.750000    2.0462014667075D+00  2.328D-05
   75.800000    2.0462014657632D+00  2.328D-05
   75.850000    2.0462014648226D+00  2.328D-05
   75.900000    2.0462014638858D+00  2.328D-05
   75.950000    2.0462014629526D+00  2.328D-05
   76.000000    2.0462014620232D+00  2.328D-05
   76.050000    2.0462014610973D+00  2.328D-05
   76.100000    2.0462014601752D+00  2.328D-05
   76.150000    2.0462014592566D+00  2.328D-05
   76.200000    2.0462014583417D+00  2.328D-05
   76.250000    2.0462014574304D+00  2.328D-05
   76.300000    2.0462014565226D+00  2.328D-05
   76.350000    2.0462014556184D+00  2.328D-05
   76.400000    2.0462014547178D+00  2.328D-05
   76.450000    2.0462014538206D+00  2.328D-05
   76.500000    2.0462014529270D+00  2.328D-05
   76.550000    2.0462014520369D+00  2.328D-05
   76.600000    2.0462014511503D+00  2.328D-05
   76.650000    2.0462014502671D+00  2.328D-05
   76.700000    2.0462014493874D+00  2.328D-05
   76.750000    2.0462014485112D+00  2.328D-05
   76.800000    2.0462014476383D+00  2.328D-05
   76.850000    2.0462014467688D+00  2.328D-05
   76.900000    2.0462014459028D+00  2.328D-05
   76.950000    2.0462014450401D+00  2.328D-05
   77.000000    2.0462014441807D+00  2.328D-05
   77.050000    2.0462014433247D+00  2.328D-05
   77.100000    2.0462014424721D+00  2.328D-05
   77.150000    2.0462014416227D+00  2.328D-05
   77.200000    2.0462014407766D+00  2.328D-05
   77.250000    2.0462014399339D+00  2.328D-05
   77.300000    2.0462014390943D+00  2.328D-05
   77.350000    2.0462014382581D+00  2.328D-05
   77.400000    2.0462014374251D+00  2.328D-05
   77.450000    2.0462014365953D+00  2.328D-05
   77.500000    2.0462014357687D+00  2.328D-05
   77.550000    2.0462014349452D+00  2.328D-05
   77.600000    2.0462014341250D+00  2.328D-05
   77.650000    2.0462014333080D+00  2.328D-05
   77.700000    2.0462014324941D+00  2.328D-05
   77.750000    2.0462014316833D+00  2.328D-05
   77.800000    2.0462014308756D+00  2.328D-05
   77.850000    2.0462014300711D+00  2.328D-05
   77.900000    2.0462014292696D+00  2.328D-05
   77.950000    2.0462014284713D+00  2.328D-05
   78.000000    2.0462014276760D+00  2.328D-05
   78.050000    2.0462014268837D+00  2.328D-05
   78.100000    2.0462014260945D+00  2.328D-05
   78.150000    2.0462014253083D+00  2.328D-05
   78.200000    2.0462014245252D+00  2.328D-05
   78.250000    2.0462014237450D+00  2.328D-05
   78.300000    2.0462014229678D+00  2.328D-05
   78.350000    2.0462014221936D+00  2.328D-05
   78.400000    2.0462014214223D+00  2.328D-05
   78.450000    2.0462014206540D+00  2.328D-05
   78.500000    2.0462014198886D+00  2.328D-05
   78.550000    2.0462014191262D+00  2.328D-05
   78.600000    2.0462014183666D+00  2.328D-05
   78.650000    2.0462014176100D+00  2.328D-05
   78.700000    2.0462014168562D+00  2.328D-05
   78.750000    2.0462014161053D+00  2.328D-05
   78.800000    2.0462014153572D+00  2.328D-05
   78.850000    2.0462014146120D+00  2.328D-05
   78.900000    2.0462014138696D+00  2.328D-05
   78.950000    2.0462014131301D+00  2.328D-05
   79.000000    2.0462014123933D+00  2.328D-05
   79.050000    2.0462014116593D+00  2.328D-05
   79.100000    2.0462014109281D+00  2.328D-05
   79.150000    2.0462014101997D+00  2.328D-05
   79.200000    2.0462014094741D+00  2.328D-05
   79.250000    2.0462014087511D+00  2.328D-05
   79.300000    2.0462014080309D+00  2.328D-05
   79.350000    2.0462014073135D+00  2.328D-05
   79.400000    2.0462014065987D+00  2.328D-05
   79.450000    2.0462014058866D+00  2.328D-05
   79.500000    2.0462014051773D+00  2.328D-05
   79.550000    2.0462014044705D+00  2.328D-05
   79.600000    2.0462014037665D+00  2.328D-05
   79.650000    2.0462014030651D+00  2.328D-05
   79.700000    2.0462014023663D+00  2.328D-05
   79.750000    2.0462014016702D+00  2.328D-05
   79.800000    2.0462014009766D+00  2.328D-05
   79.850000    2.0462014002857D+00  2.328D-05
   79.900000    2.0462013995974D+00  2.328D-05
   79.950000    2.0462013989116D+00  2.328D-05
   80.000000    2.0462013982284D+00  2.328D-05
   80.050000    2.0462013975478D+00  2.328D-05
   80.100000    2.0462013968697D+00  2.328D-05
   80.150000    2.0462013961942D+00  2.328D-05
   80.200000    2.0462013955212D+00  2.328D-05
   80.250000    2.0462013948506D+00  2.328D-05
   80.300000    2.0462013941826D+00  2.328D-05
   80.350000    2.0462013935171D+00  2.328D-05
   80.400000    2.0462013928541D+00  2.328D-05
   80.450000    2.0462013921935D+00  2.328D-05
   80.500000    2.0462013915354D+00  2.328D-05
   80.550000    2.0462013908797D+00  2.328D-05
   80.600000    2.0462013902265D+00  2.328D-05
   80.650000    2.0462013895757D+00  2.328D-05
   80.700000    2.0462013889273D+00  2.328D-05
   80.750000    2.0462013882813D+00  2.328D-05
   80.800000    2.0462013876378D+00  2.328D-05
   80.850000    2.0462013869966D+00  2.328D-05
   80.900000    2.0462013863577D+00  2.328D-05
   80.950000    2.0462013857213D+00  2.328D-05
   81.000000    2.0462013850872D+00  2.328D-05
   81.050000    2.0462013844554D+00  2.328D-05
   81.100000    2.0462013838260D+00  2.328D-05
   81.150000    2.0462013831989D+00  2.328D-05
   81.200000    2.0462013825741D+00  2.328D-05
   81.250000    2.0462013819516D+00  2.328D-05
   81.300000    2.0462013813314D+00  2.328D-05
   81.350000    2.0462013807135D+00  2.328D-05
   81.400000    2.0462013800979D+00  2.328D-05
   81.450000    2.0462013794845D+00  2.328D-05
   81.500000    2.0462013788734D+00  2.328D-05
   81.550000    2.0462013782645D+00  2.328D-05
   81.600000    2.0462013776579D+00  2.328D-05
   81.650000    2.0462013770535D+00  2.328D-05
   81.700000    2.0462013764513D+00  2.328D-05
   81.750000    2.0462013758513D+00  2.328D-05
   81.800000    2.0462013752536D+00  2.328D-05
   81.850000    2.0462013746580D+00  2.328D-05
   81.900000    2.0462013740646D+00  2.328D-05
   81.950000    2.0462013734733D+00  2.328D-05
   82.000000    2.0462013728842D+00  2.328D-05
   82.050000    2.0462013722973D+00  2.328D-05
   82.100000    2.0462013717125D+00  2.328D-05
   82.150000    2.0462013711298D+00  2.328D-05
   82.200000    2.0462013705493D+00  2.328D-05
   82.250000    2.0462013699709D+00  2.328D-05
   82.300000    2.0462013693946D+00  2.328D-05
   82.350000    2.0462013688203D+00  2.328D-05
   82.400000    2.0462013682482D+00  2.328D-05
   82.450000    2.0462013676782D+00  2.328D-05
   82.500000    2.0462013671102D+00  2.328D-05
   82.550000    2.0462013665443D+00  2.328D-05
   82.600000    2.0462013659804D+00  2.328D-05
   82.650000    2.0462013654186D+00  2.328D-05
   82.700000    2.0462013648588D+00  2.328D-05
   82.750000    2.0462013643010D+00  2.328D-05
   82.800000    2.0462013637453D+00  2.328D-05
   82.850000    2.0462013631916D+00  2.328D-05
   82.900000    2.0462013626398D+00  2.328D-05
   82.950000    2.0462013620901D+00  2.328D-05
   83.000000    2.0462013615424D+00  2.328D-05
   83.050000    2.0462013609966D+00  2.328D-05
   83.100000    2.0462013604528D+00  2.328D-05
   83.150000    2.0462013599109D+00  2.328D-05
   83.200000    2.0462013593710D+00  2.328D-05
   83.250000    2.0462013588331D+00  2.328D-05
   83.300000    2.0462013582971D+00  2.328D-05
   83.350000    2.0462013577630D+00  2.328D-05
   83.400000    2.0462013572308D+00  2.328D-05
   83.450000    2.0462013567005D+00  2.328D-05
   83.500000    2.0462013561722D+00  2.328D-05
   83.550000    2.0462013556457D+00  2.328D-05
   83.600000    2.0462013551211D+00  2.328D-05
   83.650000    2.0462013545984D+00  2.328D-05
   83.700000    2.0462013540776D+00  2.328D-05
   83.750000    2.0462013535586D+00  2.328D-05
   83.800000    2.0462013530415D+00  2.328D-05
   83.850000    2.0462013525263D+00  2.328D-05
   83.900000    2.0462013520129D+00  2.328D-05
   83.950000    2.0462013515013D+00  2.328D-05
   84.000000    2.0462013509915D+00  2.328D-05
   84.050000    2.0462013504836D+00  2.328D-05
   84.100000    2.0462013499774D+00  2.328D-05
   84.150000    2.0462013494731D+00  2.328D-05
   84.200000    2.0462013489706D+00  2.328D-05
   84.250000    2.0462013484698D+00  2.328D-05
   84.300000    2.0462013479708D+00  2.328D-05
   84.350000    2.0462013474736D+00  2.328D-05
   84.400000    2.0462013469782D+00  2.328D-05
   84.450000    2.0462013464845D+00  2.328D-05
   84.500000    2.0462013459926D+00  2.328D-05
   84.550000    2.0462013455024D+00  2.328D-05
   84.600000    2.0462013450140D+00  2.328D-05
   84.650000    2.0462013445273D+00  2.328D-05
   84.700000    2.0462013440423D+00  2.328D-05
   84.750000    2.0462013435590D+00  2.328D-05
   84.800000    2.0462013430774D+00  2.328D-05
   84.850000    2.0462013425975D+00  2.328D-05
   84.900000    2.0462013421194D+00  2.328D-05
   84.950000    2.0462013416429D+00  2.328D-05
   85.000000    2.0462013411681D+00  2.328D-05
   85.050000    2.0462013406949D+00  2.328D-05
   85.100000    2.0462013402234D+00  2.328D-05
   85.150000    2.0462013397536D+00  2.328D-05
   85.200000    2.0462013392855D+00  2.328D-05
   85.250000    2.0462013388190D+00  2.328D-05
   85.300000    2.0462013383541D+00  2.328D-05
   85.350000    2.0462013378908D+00  2.328D-05
   85.400000    2.0462013374292D+00  2.328D-05
   85.450000    2.0462013369692D+00  2.328D-05
   85.500000    2.0462013365108D+00  2.328D-05
   85.550000    2.0462013360540D+00  2.328D-05
   85.600000    2.0462013355989D+00  2.328D-05
   85.650000    2.0462013351453D+00  2.328D-05
   85.700000    2.0462013346933D+00  2.328D-05
   85.750000    2.0462013342428D+00  2.328D-05
   85.800000    2.0462013337940D+00  2.328D-05
   85.850000    2.0462013333467D+00  2.328D-05
   85.900000    2.0462013329010D+00  2.328D-05
   85.950000    2.0462013324568D+00  2.328D-05
   86.000000    2.0462013320142D+00  2.328D-05
   86.050000    2.0462013315731D+00  2.328D-05
   86.100000    2.0462013311335D+00  2.328D-05
   86.150000    2.0462013306955D+00  2.328D-05
   86.200000    2.0462013302590D+00  2.328D-05
   86.250000    2.0462013298240D+00  2.328D-05
   86.300000    2.0462013293906D+00  2.328D-05
   86.350000    2.0462013289586D+00  2.328D-05
   86.400000    2.0462013285281D+00  2.328D-05
   86.450000    2.0462013280992D+00  2.328D-05
   86.500000    2.0462013276717D+00  2.328D-05
   86.550000    2.0462013272457D+00  2.328D-05
   86.600000    2.0462013268211D+00  2.328D-05
   86.650000    2.0462013263981D+00  2.328D-05
   86.700000    2.0462013259764D+00  2.328D-05
   86.750000    2.0462013255563D+00  2.328D-05
   86.800000    2.0462013251376D+00  2.328D-05
   86.850000    2.0462013247203D+00  2.328D-05
   86.900000    2.0462013243045D+00  2.328D-05
   86.950000    2.0462013238901D+00  2.328D-05
   87.000000    2.0462013234772D+00  2.328D-05
   87.050000    2.0462013230657D+00  2.328D-05
   87.100000    2.0462013226555D+00  2.328D-05
   87.150000    2.0462013222468D+00  2.328D-05
   87.200000    2.0462013218395D+00  2.328D-05
   87.250000    2.0462013214336D+00  2.328D-05
   87.300000    2.0462013210291D+00  2.328D-05
   87.350000    2.0462013206260D+00  2.328D-05
   87.400000    2.0462013202243D+00  2.328D-05
   87.450000    2.0462013198239D+00  2.328D-05
   87.500000    2.0462013194249D+00  2.328D-05
   87.550000    2.0462013190273D+00  2.328D-05
   87.600000    2.0462013186310D+00  2.328D-05
   87.650000    2.0462013182361D+00  2.328D-05
   87.700000    2.0462013178425D+00  2.328D-05
   87.750000    2.0462013174503D+00  2.328D-05
   87.800000    2.0462013170594D+00  2.328D-05
   87.850000    2.0462013166699D+00  2.328D-05
   87.900000    2.0462013162817D+00  2.328D-05
   87.950000    2.0462013158948D+00  2.328D-05
   88.000000    2.0462013155092D+00  2.328D-05
   88.050000    2.0462013151249D+00  2.328D-05
   88.100000    2.0462013147420D+00  2.328D-05
   88.150000    2.0462013143603D+00  2.328D-05
   88.200000    2.0462013139799D+00  2.328D-05
   88.250000    2.0462013136009D+00  2.328D-05
   88.300000    2.0462013132231D+00  2.328D-05
   88.350000    2.0462013128466D+00  2.328D-05
   88.400000    2.0462013124713D+00  2.328D-05
   88.450000    2.0462013120974D+00  2.328D-05
   88.500000    2.0462013117247D+00  2.328D-05
   88.550000    2.0462013113533D+00  2.328D-05
   88.600000    2.0462013109831D+00  2.328D-05
   88.650000    2.0462013106142D+00  2.328D-05
   88.700000    2.0462013102465D+00  2.328D-05
   88.750000    2.0462013098801D+00  2.328D-05
   88.800000    2.0462013095149D+00  2.328D-05
   88.850000    2.0462013091509D+00  2.328D-05
   88.900000    2.0462013087882D+00  2.328D-05
   88.950000    2.0462013084267D+00  2.328D-05
   89.000000    2.0462013080664D+00  2.328D-05
   89.050000    2.0462013077073D+00  2.328D-05
   89.100000    2.0462013073494D+00  2.328D-05
   89.150000    2.0462013069927D+00  2.328D-05
   89.200000    2.0462013066372D+00  2.328D-05
   89.250000    2.0462013062830D+00  2.328D-05
   89.300000    2.0462013059299D+00  2.328D-05
   89.350000    2.0462013055780D+00  2.328D-05
   89.400000    2.0462013052272D+00  2.328D-05
   89.450000    2.0462013048777D+00  2.328D-05
   89.500000    2.0462013045293D+00  2.328D-05
   89.550000    2.0462013041821D+00  2.328D-05
   89.600000    2.0462013038360D+00  2.328D-05
   89.650000    2.0462013034911D+00  2.328D-05
   89.700000    2.0462013031474D+00  2.328D-05
   89.750000    2.0462013028048D+00  2.328D-05
   89.800000    2.0462013024633D+00  2.328D-05
   89.850000    2.0462013021230D+00  2.328D-05
   89.900000    2.0462013017838D+00  2.328D-05
   89.950000    2.0462013014457D+00  2.328D-05
   90.000000    2.0462013011088D+00  2.328D-05
   90.050000    2.0462013007730D+00  2.328D-05
   90.100000    2.0462013004383D+00  2.328D-05
   90.150000    2.0462013001047D+00  2.328D-05
   90.200000    2.0462012997723D+00  2.328D-05
   90.250000    2.0462012994409D+00  2.328D-05
   90.300000    2.0462012991106D+00  2.328D-05
   90.350000    2.0462012987815D+00  2.328D-05
   90.400000    2.0462012984534D+00  2.328D-05
   90.450000    2.0462012981264D+00  2.328D-05
   90.500000    2.0462012978005D+00  2.328D-05
   90.550000    2.0462012974756D+00  2.328D-05
   90.600000    2.0462012971519D+00  2.328D-05
   90.650000    2.0462012968292D+00  2.328D-05
   90.700000    2.0462012965076D+00  2.328D-05
   90.750000    2.0462012961870D+00  2.328D-05
   90.800000    2.0462012958675D+00  2.328D-05
   90.850000    2.0462012955491D+00  2.328D-05
   90.900000    2.0462012952317D+00  2.328D-05
   90.950000    2.0462012949153D+00  2.328D-05
   91.000000    2.0462012946000D+00  2.328D-05
   91.050000    2.0462012942857D+00  2.328D-05
   91.100000    2.0462012939725D+00  2.328D-05
   91.150000    2.0462012936603D+00  2.328D-05
   91.200000    2.0462012933491D+00  2.328D-05
   91.250000    2.0462012930389D+00  2.328D-05
   91.300000    2.0462012927298D+00  2.328D-05
   91.350000    2.0462012924217D+00  2.328D-05
   91.400000    2.0462012921145D+00  2.328D-05
   91.450000    2.0462012918084D+00  2.328D-05
   91.500000    2.0462012915033D+00  2.328D-05
   91.550000    2.0462012911992D+00  2.328D-05
   91.600000    2.0462012908961D+00  2.328D-05
   91.650000    2.0462012905940D+00  2.328D-05
   91.700000    2.0462012902928D+00  2.328D-05
   91.750000    2.0462012899927D+00  2.328D-05
   91.800000    2.0462012896935D+00  2.328D-05
   91.850000    2.0462012893953D+00  2.328D-05
   91.900000    2.0462012890981D+00  2.328D-05
   91.950000    2.0462012888018D+00  2.328D-05
   92.000000    2.0462012885065D+00  2.328D-05
   92.050000    2.0462012882122D+00  2.328D-05
   92.100000    2.0462012879188D+00  2.328D-05
   92.150000    2.0462012876264D+00  2.328D-05
   92.200000    2.0462012873349D+00  2.328D-05
   92.250000    2.0462012870444D+00  2.328D-05
   92.300000    2.0462012867548D+00  2.328D-05
   92.350000    2.0462012864662D+00  2.328D-05
   92.400000    2.0462012861785D+00  2.328D-05
   92.450000    2.0462012858917D+00  2.328D-05
   92.500000    2.0462012856059D+00  2.328D-05
   92.550000    2.0462012853210D+00  2.328D-05
   92.600000    2.0462012850370D+00  2.328D-05
   92.650000    2.0462012847539D+00  2.328D-05
   92.700000    2.0462012844717D+00  2.328D-05
   92.750000    2.0462012841905D+00  2.328D-05
   92.800000    2.0462012839101D+00  2.328D-05
   92.850000    2.0462012836307D+00  2.328D-05
   92.900000    2.0462012833522D+00  2.328D-05
   92.950000    2.0462012830745D+00  2.328D-05
   93.000000    2.0462012827978D+00  2.328D-05
   93.050000    2.0462012825219D+00  2.328D-05
   93.100000    2.0462012822470D+00  2.328D-05
   93.150000    2.0462012819729D+00  2.328D-05
   93.200000    2.0462012816997D+00  2.328D-05
   93.250000    2.0462012814274D+00  2.328D-05
   93.300000    2.0462012811559D+00  2.328D-05
   93.350000    2.0462012808854D+00  2.328D-05
   93.400000    2.0462012806157D+00  2.328D-05
   93.450000    2.0462012803468D+00  2.328D-05
   93.500000    2.0462012800788D+00  2.328D-05
   93.550000    2.0462012798117D+00  2.328D-05
   93.600000    2.0462012795455D+00  2.328D-05
   93.650000    2.0462012792800D+00  2.328D-05
   93.700000    2.0462012790155D+00  2.328D-05
   93.750000    2.0462012787518D+00  2.328D-05
   93.800000    2.0462012784889D+00  2.328D-05
   93.850000    2.0462012782269D+00  2.328D-05
   93.900000    2.0462012779657D+00  2.328D-05
   93.950000    2.0462012777053D+00  2.328D-05
   94.000000    2.0462012774458D+00  2.328D-05
   94.050000    2.0462012771870D+00  2.328D-05
   94.100000    2.0462012769292D+00  2.328D-05
   94.150000    2.0462012766721D+00  2.328D-05
   94.200000    2.0462012764158D+00  2.328D-05
   94.250000    2.0462012761604D+00  2.328D-05
   94.300000    2.0462012759058D+00  2.328D-05
   94.350000    2.0462012756520D+00  2.328D-05
   94.400000    2.0462012753990D+00  2.328D-05
   94.450000    2.0462012751468D+00  2.328D-05
   94.500000    2.0462012748954D+00  2.328D-05
   94.550000    2.0462012746448D+00  2.328D-05
   94.600000    2.0462012743950D+00  2.328D-05
   94.650000    2.0462012741459D+00  2.328D-05
   94.700000    2.0462012738977D+00  2.328D-05
   94.750000    2.0462012736502D+00  2.328D-05
   94.800000    2.0462012734036D+00  2.328D-05
   94.850000    2.0462012731577D+00  2.328D-05
   94.900000    2.0462012729126D+00  2.328D-05
   94.950000    2.0462012726683D+00  2.328D-05
   95.000000    2.0462012724247D+00  2.328D-05
   95.050000    2.0462012721819D+00  2.328D-05
   95.100000    2.0462012719399D+00  2.328D-05
   95.150000    2.0462012716986D+00  2.328D-05
   95.200000    2.0462012714581D+00  2.328D-05
   95.250000    2.0462012712183D+00  2.328D-05
   95.300000    2.0462012709793D+00  2.328D-05
   95.350000    2.0462012707411D+00  2.328D-05
   95.400000    2.0462012705036D+00  2.328D-05
   95.450000    2.0462012702668D+00  2.328D-05
   95.500000    2.0462012700308D+00  2.328D-05
   95.550000    2.0462012697955D+00  2.328D-05
   95.600000    2.0462012695610D+00  2.328D-05
   95.650000    2.0462012693272D+00  2.328D-05
   95.700000    2.0462012690941D+00  2.328D-05
   95.750000    2.0462012688618D+00  2.328D-05
   95.800000    2.0462012686302D+00  2.328D-05
   95.850000    2.0462012683993D+00  2.328D-05
   95.900000    2.0462012681691D+00  2.328D-05
   95.950000    2.0462012679397D+00  2.328D-05
   96.000000    2.0462012677109D+00  2.328D-05
   96.050000    2.0462012674829D+00  2.328D-05
   96.100000    2.0462012672556D+00  2.328D-05
   96.150000    2.0462012670290D+00  2.328D-05
   96.200000    2.0462012668031D+00  2.328D-05
   96.250000    2.0462012665780D+00  2.328D-05
   96.300000    2.0462012663535D+00  2.328D-05
   96.350000    2.0462012661297D+00  2.328D-05
   96.400000    2.0462012659066D+00  2.328D-05
   96.450000    2.0462012656842D+00  2.328D-05
   96.500000    2.0462012654625D+00  2.328D-05
   96.550000    2.0462012652414D+00  2.328D-05
   96.600000    2.0462012650211D+00  2.328D-05
   96.650000    2.0462012648015D+00  2.328D-05
   96.700000    2.0462012645825D+00  2.328D-05
   96.750000    2.0462012643642D+00  2.328D-05
   96.800000    2.0462012641466D+00  2.328D-05
   96.850000    2.0462012639296D+00  2.328D-05
   96.900000    2.0462012637134D+00  2.328D-05
   96.950000    2.0462012634978D+00  2.328D-05
   97.000000    2.0462012632828D+00  2.328D-05
   97.050000    2.0462012630685D+00  2.328D-05
   97.100000    2.0462012628549D+00  2.328D-05
   97.150000    2.0462012626420D+00  2.328D-05
   97.200000    2.0462012624297D+00  2.328D-05
   97.250000    2.0462012622180D+00  2.328D-05
   97.300000    2.0462012620070D+00  2.328D-05
   97.350000    2.0462012617967D+00  2.328D-05
   97.400000    2.0462012615870D+00  2.328D-05
   97.450000    2.0462012613780D+00  2.328D-05
   97.500000    2.0462012611696D+00  2.328D-05
   97.550000    2.0462012609618D+00  2.328D-05
   97.600000    2.0462012607547D+00  2.328D-05
   97.650000    2.0462012605482D+00  2.328D-05
   97.700000    2.0462012603423D+00  2.328D-05
   97.750000    2.0462012601371D+00  2.328D-05
   97.800000    2.0462012599325D+00  2.328D-05
   97.850000    2.0462012597285D+00  2.328D-05
   97.900000    2.0462012595251D+00  2.328D-05
   97.950000    2.0462012593224D+00  2.328D-05
   98.000000    2.0462012591203D+00  2.328D-05
   98.050000    2.0462012589188D+00  2.328D-05
   98.100000    2.0462012587180D+00  2.328D-05
   98.150000    2.0462012585177D+00  2.328D-05
   98.200000    2.0462012583180D+00  2.328D-05
   98.250000    2.0462012581190D+00  2.328D-05
   98.300000    2.0462012579206D+00  2.328D-05
   98.350000    2.0462012577227D+00  2.328D-05
   98.400000    2.0462012575255D+00  2.328D-05
   98.450000    2.0462012573289D+00  2.328D-05
   98.500000    2.0462012571329D+00  2.328D-05
   98.550000    2.0462012569374D+00  2.328D-05
   98.600000    2.0462012567426D+00  2.328D-05
   98.650000    2.0462012565483D+00  2.328D-05
   98.700000    2.0462012563547D+00  2.328D-05
   98.750000    2.0462012561616D+00  2.328D-05
   98.800000    2.0462012559691D+00  2.328D-05
   98.850000    2.0462012557772D+00  2.328D-05
   98.900000    2.0462012555859D+00  2.328D-05
   98.950000    2.0462012553952D+00  2.328D-05
   99.000000    2.0462012552050D+00  2.328D-05
   99.050000    2.0462012550154D+00  2.328D-05
   99.100000    2.0462012548264D+00  2.328D-05
   99.150000    2.0462012546380D+00  2.328D-05
   99.200000    2.0462012544501D+00  2.328D-05
   99.250000    2.0462012542628D+00  2.328D-05
   99.300000    2.0462012540761D+00  2.328D-05
   99.350000    2.0462012538899D+00  2.328D-05
   99.400000    2.0462012537043D+00  2.328D-05
   99.450000    2.0462012535192D+00  2.328D-05
   99.500000    2.0462012533347D+00  2.328D-05
  100.000000    2.0462012515200D+00     0.0
