
variables = "r", "UB(r)", "Uncertainty"
zone T = "State 1 UB(r)  5412rref2_74RRRfulls"

    0.600000    8.7225040980079D+04  1.078D+04
    0.650000    7.4723515052532D+04  9.312D+03
    0.700000    6.1427162115216D+04  7.734D+03
    0.750000    4.8101620788854D+04  6.135D+03
    0.800000    3.5580360366984D+04  4.614D+03
    0.850000    2.4618493705074D+04  3.260D+03
    0.900000    1.5746410587445D+04  2.143D+03
    0.950000    9.1709957069891D+03  1.294D+03
    1.000000    4.7617978279181D+03  7.066D+02
    1.050000    2.1286376748225D+03  3.419D+02
    1.100000    7.5916062908174D+02  1.423D+02
    1.150000    1.6087338159860D+02  4.839D+01
    1.200000   -4.3067618183693D+01  1.214D+01
    1.250000   -8.5301008586789D+01  1.671D+00
    1.300000   -7.9330918262192D+01  4.727D-01
    1.350000   -6.6231664357201D+01  2.842D-01
    1.400000   -5.5125321474085D+01  1.700D-01
    1.450000   -4.6097228124814D+01  1.509D-01
    1.500000   -3.8438042694452D+01  1.394D-01
    1.550000   -3.1886566921770D+01  1.238D-01
    1.600000   -2.6291271459126D+01  1.106D-01
    1.650000   -2.1487496129706D+01  1.007D-01
    1.700000   -1.7353033933881D+01  9.041D-02
    1.750000   -1.3811913159560D+01  7.890D-02
    1.800000   -1.0795565431458D+01  6.799D-02
    1.850000   -8.2311648116594D+00  5.919D-02
    1.900000   -6.0574255230121D+00  5.245D-02
    1.950000   -4.2337841653153D+00  4.698D-02
    2.000000   -2.7318229644727D+00  4.244D-02
    2.050000   -1.5229167292028D+00  3.933D-02
    2.100000   -5.7542723755653D-01  3.869D-02
    2.150000    1.3917355687728D-01  4.189D-02
    2.200000    6.4011506337937D-01  5.054D-02
    2.250000    9.3766410373896D-01  6.592D-02
    2.300000    1.0398743042066D+00  8.868D-02
    2.350000    9.6115367250130D-01  1.192D-01
    2.400000    7.2787328398856D-01  1.578D-01
    2.450000    3.7877918206699D-01  2.048D-01
    2.500000   -3.9204813927191D-02  2.598D-01
    2.550000   -4.7756359491595D-01  3.223D-01
    2.600000   -8.9274002743997D-01  3.908D-01
    2.650000   -1.2509388089293D+00  4.638D-01
    2.700000   -1.5304780928430D+00  5.391D-01
    2.750000   -1.7218174470626D+00  6.149D-01
    2.800000   -1.8258770662680D+00  6.891D-01
    2.850000   -1.8514134531872D+00  7.600D-01
    2.900000   -1.8121365394311D+00  8.263D-01
    2.950000   -1.7240613527196D+00  8.868D-01
    3.000000   -1.6033752970788D+00  9.408D-01
    3.050000   -1.4649231349586D+00  9.876D-01
    3.100000   -1.3212866493524D+00  1.027D+00
    3.150000   -1.1823644063036D+00  1.059D+00
    3.200000   -1.0553282230175D+00  1.084D+00
    3.250000   -9.4483308081136D-01  1.102D+00
    3.300000   -8.5337377526716D-01  1.113D+00
    3.350000   -7.8170506520712D-01  1.118D+00
    3.400000   -7.2926622823244D-01  1.118D+00
    3.450000   -6.9457226338319D-01  1.112D+00
    3.500000   -6.7555100305968D-01  1.102D+00
    3.550000   -6.6981787888574D-01  1.088D+00
    3.600000   -6.7488850086859D-01  1.071D+00
    3.650000   -6.8833432858458D-01  1.050D+00
    3.700000   -7.0788936448388D-01  1.027D+00
    3.750000   -7.3151673134501D-01  1.002D+00
    3.800000   -7.5744382099796D-01  9.754D-01
    3.850000   -7.8417388503944D-01  9.474D-01
    3.900000   -8.1048081167822D-01  9.184D-01
    3.950000   -8.3539261703479D-01  8.888D-01
    4.000000   -8.5816801041180D-01  8.587D-01
    4.050000   -8.7826934633656D-01  8.286D-01
    4.100000   -8.9533438484484D-01  7.984D-01
    4.150000   -9.0914855202085D-01  7.684D-01
    4.200000   -9.1961881588538D-01  7.388D-01
    4.250000   -9.2674985073905D-01  7.097D-01
    4.300000   -9.3062283515854D-01  6.811D-01
    4.350000   -9.3137699401764D-01  6.532D-01
    4.400000   -9.2919383374480D-01  6.260D-01
    4.450000   -9.2428391557886D-01  5.995D-01
    4.500000   -9.1687594961055D-01  5.739D-01
    4.550000   -9.0720796133646D-01  5.491D-01
    4.600000   -8.9552027314758D-01  5.252D-01
    4.650000   -8.8205004857572D-01  5.021D-01
    4.700000   -8.6702716189624D-01  4.799D-01
    4.750000   -8.5067117592240D-01  4.585D-01
    4.800000   -8.3318923372255D-01  4.380D-01
    4.850000   -8.1477469359830D-01  4.183D-01
    4.900000   -7.9560635968625D-01  3.995D-01
    4.950000   -7.7584818217272D-01  3.814D-01
    5.000000   -7.5564932087673D-01  3.642D-01
    5.050000   -7.3514448364727D-01  3.476D-01
    5.100000   -7.1445446657951D-01  3.319D-01
    5.150000   -6.9368683655398D-01  3.168D-01
    5.200000   -6.7293670816703D-01  3.024D-01
    5.250000   -6.5228757692122D-01  2.887D-01
    5.300000   -6.3181217876835D-01  2.756D-01
    5.350000   -6.1157335293293D-01  2.632D-01
    5.400000   -5.9162489057490D-01  2.513D-01
    5.450000   -5.7201235644320D-01  2.399D-01
    5.500000   -5.5277387438804D-01  2.291D-01
    5.550000   -5.3394087057213D-01  2.188D-01
    5.600000   -5.1553877057247D-01  2.090D-01
    5.650000   -4.9758764840551D-01  1.997D-01
    5.700000   -4.8010282692192D-01  1.908D-01
    5.750000   -4.6309543008924D-01  1.824D-01
    5.800000   -4.4657288847040D-01  1.743D-01
    5.850000   -4.3053939977024D-01  1.666D-01
    5.900000   -4.1499634671045D-01  1.593D-01
    5.950000   -3.9994267473599D-01  1.523D-01
    6.000000   -3.8537523219155D-01  1.457D-01
    6.050000   -3.7128907565638D-01  1.394D-01
    6.100000   -3.5767774311083D-01  1.334D-01
    6.150000   -3.4453349754702D-01  1.276D-01
    6.200000   -3.3184754353964D-01  1.222D-01
    6.250000   -3.1961021917365D-01  1.170D-01
    6.300000   -3.0781116559164D-01  1.120D-01
    6.350000   -2.9643947627977D-01  1.073D-01
    6.400000   -2.8548382806461D-01  1.028D-01
    6.450000   -2.7493259564641D-01  9.846D-02
    6.500000   -2.6477395135059D-01  9.436D-02
    6.550000   -2.5499595163905D-01  9.045D-02
    6.600000   -2.4558661179173D-01  8.673D-02
    6.650000   -2.3653397004134D-01  8.317D-02
    6.700000   -2.2782614232772D-01  7.977D-02
    6.750000   -2.1945136872736D-01  7.654D-02
    6.800000   -2.1139805251198D-01  7.344D-02
    6.850000   -2.0365479269590D-01  7.049D-02
    6.900000   -1.9621041084523D-01  6.767D-02
    6.950000   -1.8905397284350D-01  6.498D-02
    7.000000   -1.8217480623486D-01  6.241D-02
    7.050000   -1.7556251370146D-01  5.996D-02
    7.100000   -1.6920698317096D-01  5.761D-02
    7.150000   -1.6309839499669D-01  5.536D-02
    7.200000   -1.5722722660506D-01  5.322D-02
    7.250000   -1.5158425495724D-01  5.117D-02
    7.300000   -1.4616055713789D-01  4.921D-02
    7.350000   -1.4094750934387D-01  4.733D-02
    7.400000   -1.3593678451518D-01  4.553D-02
    7.450000   -1.3112034882262D-01  4.381D-02
    7.500000   -1.2649045720005D-01  4.217D-02
    7.550000   -1.2203964808670D-01  4.059D-02
    7.600000   -1.1776073752466D-01  3.909D-02
    7.650000   -1.1364681273786D-01  3.764D-02
    7.700000   -1.0969122530412D-01  3.626D-02
    7.750000   -1.0588758401550D-01  3.493D-02
    7.800000   -1.0222974751134D-01  3.366D-02
    7.850000   -9.8711816755979D-02  3.245D-02
    7.900000   -9.5328127423022D-02  3.128D-02
    7.950000   -9.2073242239996D-02  3.016D-02
    8.000000   -8.8941943339046D-02  2.908D-02
    8.050000   -8.5929224651901D-02  2.805D-02
    8.100000   -8.3030284382095D-02  2.706D-02
    8.150000   -8.0240517581729D-02  2.612D-02
    8.200000   -7.7555508855429D-02  2.520D-02
    8.250000   -7.4971025209912D-02  2.433D-02
    8.300000   -7.2483009064399D-02  2.349D-02
    8.350000   -7.0087571433447D-02  2.268D-02
    8.400000   -6.7780985291874D-02  2.191D-02
    8.450000   -6.5559679127808D-02  2.116D-02
    8.500000   -6.3420230689563D-02  2.045D-02
    8.550000   -6.1359360928802D-02  1.976D-02
    8.600000   -5.9373928141703D-02  1.910D-02
    8.650000   -5.7460922308176D-02  1.846D-02
    8.700000   -5.5617459629175D-02  1.785D-02
    8.750000   -5.3840777258930D-02  1.726D-02
    8.800000   -5.2128228231000D-02  1.670D-02
    8.850000   -5.0477276574187D-02  1.615D-02
    8.900000   -4.8885492614815D-02  1.563D-02
    8.950000   -4.7350548461416D-02  1.512D-02
    9.000000   -4.5870213667360D-02  1.464D-02
    9.050000   -4.4442351066479D-02  1.417D-02
    9.100000   -4.3064912777126D-02  1.372D-02
    9.150000   -4.1735936369532D-02  1.328D-02
    9.200000   -4.0453541191174D-02  1.286D-02
    9.250000   -3.9215924845248D-02  1.246D-02
    9.300000   -3.8021359816631D-02  1.207D-02
    9.350000   -3.6868190240633D-02  1.170D-02
    9.400000   -3.5754828809166D-02  1.134D-02
    9.450000   -3.4679753809050D-02  1.099D-02
    9.500000   -3.3641506287934D-02  1.065D-02
    9.550000   -3.2638687342340D-02  1.033D-02
    9.600000   -3.1669955523484D-02  1.001D-02
    9.650000   -3.0734024356185D-02  9.711D-03
    9.700000   -2.9829659965738D-02  9.419D-03
    9.750000   -2.8955678809136D-02  9.138D-03
    9.800000   -2.8110945505585D-02  8.866D-03
    9.850000   -2.7294370762647D-02  8.603D-03
    9.900000   -2.6504909393811D-02  8.350D-03
    9.950000   -2.5741558423524D-02  8.105D-03
   10.000000   -2.5003355275881D-02  7.868D-03
   10.050000   -2.4289376043834D-02  7.640D-03
   10.100000   -2.3598733834795D-02  7.419D-03
   10.150000   -2.2930577189028D-02  7.205D-03
   10.200000   -2.2284088569562D-02  6.999D-03
   10.250000   -2.1658482917761D-02  6.799D-03
   10.300000   -2.1053006273192D-02  6.606D-03
   10.350000   -2.0466934455160D-02  6.419D-03
   10.400000   -1.9899571802366D-02  6.238D-03
   10.450000   -1.9350249968189D-02  6.063D-03
   10.500000   -1.8818326769606D-02  5.894D-03
   10.550000   -1.8303185087055D-02  5.731D-03
   10.600000   -1.7804231812626D-02  5.572D-03
   10.650000   -1.7320896845105D-02  5.419D-03
   10.700000   -1.6852632128782D-02  5.270D-03
   10.750000   -1.6398910735341D-02  5.127D-03
   10.800000   -1.5959225985478D-02  4.987D-03
   10.850000   -1.5533090609381D-02  4.852D-03
   10.900000   -1.5120035944198D-02  4.722D-03
   10.950000   -1.4719611166500D-02  4.595D-03
   11.000000   -1.4331382558200D-02  4.472D-03
   11.050000   -1.3954932804725D-02  4.354D-03
   11.100000   -1.3589860323728D-02  4.238D-03
   11.150000   -1.3235778622943D-02  4.127D-03
   11.200000   -1.2892315686083D-02  4.018D-03
   11.250000   -1.2559113384937D-02  3.913D-03
   11.300000   -1.2235826917599D-02  3.811D-03
   11.350000   -1.1922124270135D-02  3.713D-03
   11.400000   -1.1617685702292D-02  3.617D-03
   11.450000   -1.1322203254453D-02  3.524D-03
   11.500000   -1.1035380276256D-02  3.434D-03
   11.550000   -1.0756930975452D-02  3.346D-03
   11.600000   -1.0486579985676D-02  3.261D-03
   11.650000   -1.0224061952770D-02  3.179D-03
   11.700000   -9.9691211388509D-03  3.099D-03
   11.750000   -9.7215110429198D-03  3.021D-03
   11.800000   -9.4809940377096D-03  2.946D-03
   11.850000   -9.2473410215771D-03  2.873D-03
   11.900000   -9.0203310854488D-03  2.801D-03
   11.950000   -8.7997511934282D-03  2.732D-03
   12.000000   -8.5853958768147D-03  2.665D-03
   12.050000   -8.3770669410502D-03  2.600D-03
   12.100000   -8.1745731847356D-03  2.537D-03
   12.150000   -7.9777301303450D-03  2.475D-03
   12.200000   -7.7863597661210D-03  2.415D-03
   12.250000   -7.6002902987581D-03  2.357D-03
   12.300000   -7.4193559159999D-03  2.300D-03
   12.350000   -7.2433965590529D-03  2.245D-03
   12.400000   -7.0722577048262D-03  2.192D-03
   12.450000   -6.9057901562256D-03  2.140D-03
   12.500000   -6.7438498416568D-03  2.089D-03
   12.550000   -6.5862976225423D-03  2.040D-03
   12.600000   -6.4329991082758D-03  1.993D-03
   12.650000   -6.2838244793748D-03  1.946D-03
   12.700000   -6.1386483169092D-03  1.901D-03
   12.750000   -5.9973494394841D-03  1.857D-03
   12.800000   -5.8598107464262D-03  1.814D-03
   12.850000   -5.7259190673205D-03  1.772D-03
   12.900000   -5.5955650174416D-03  1.732D-03
   12.950000   -5.4686428591613D-03  1.692D-03
   13.000000   -5.3450503684924D-03  1.654D-03
   13.050000   -5.2246887075374D-03  1.616D-03
   13.100000   -5.1074623009737D-03  1.580D-03
   13.150000   -4.9932787184624D-03  1.544D-03
   13.200000   -4.8820485610485D-03  1.509D-03
   13.250000   -4.7736853518803D-03  1.476D-03
   13.300000   -4.6681054318253D-03  1.443D-03
   13.350000   -4.5652278584857D-03  1.411D-03
   13.400000   -4.4649743093416D-03  1.380D-03
   13.450000   -4.3672689890192D-03  1.349D-03
   13.500000   -4.2720385393777D-03  1.320D-03
   13.550000   -4.1792119537911D-03  1.291D-03
   13.600000   -4.0887204942128D-03  1.263D-03
   13.650000   -4.0004976116964D-03  1.236D-03
   13.700000   -3.9144788697077D-03  1.209D-03
   13.750000   -3.8306018705213D-03  1.183D-03
   13.800000   -3.7488061844084D-03  1.157D-03
   13.850000   -3.6690332813718D-03  1.133D-03
   13.900000   -3.5912264655028D-03  1.109D-03
   13.950000   -3.5153308119343D-03  1.085D-03
   14.000000   -3.4412931058114D-03  1.062D-03
   14.050000   -3.3690617839510D-03  1.040D-03
   14.100000   -3.2985868785601D-03  1.018D-03
   14.150000   -3.2298199625477D-03  9.965D-04
   14.200000   -3.1627140977894D-03  9.757D-04
   14.250000   -3.0972237844791D-03  9.554D-04
   14.300000   -3.0333049126038D-03  9.356D-04
   14.350000   -2.9709147155009D-03  9.163D-04
   14.400000   -2.9100117246508D-03  8.975D-04
   14.450000   -2.8505557261997D-03  8.790D-04
   14.500000   -2.7925077196560D-03  8.611D-04
   14.550000   -2.7358298769414D-03  8.435D-04
   14.600000   -2.6804855042797D-03  8.264D-04
   14.650000   -2.6264390041381D-03  8.097D-04
   14.700000   -2.5736558396498D-03  7.933D-04
   14.750000   -2.5221024995340D-03  7.774D-04
   14.800000   -2.4717464646537D-03  7.618D-04
   14.850000   -2.4225561756261D-03  7.466D-04
   14.900000   -2.3745010017606D-03  7.317D-04
   14.950000   -2.3275512108481D-03  7.172D-04
   15.000000   -2.2816779400233D-03  7.030D-04
   15.050000   -2.2368531679735D-03  6.892D-04
   15.100000   -2.1930496878556D-03  6.756D-04
   15.150000   -2.1502410810863D-03  6.624D-04
   15.200000   -2.1084016923354D-03  6.495D-04
   15.250000   -2.0675066050788D-03  6.368D-04
   15.300000   -2.0275316183102D-03  6.245D-04
   15.350000   -1.9884532237133D-03  6.124D-04
   15.400000   -1.9502485840013D-03  6.006D-04
   15.450000   -1.9128955116173D-03  5.891D-04
   15.500000   -1.8763724485004D-03  5.778D-04
   15.550000   -1.8406584463822D-03  5.667D-04
   15.600000   -1.8057331475635D-03  5.560D-04
   15.650000   -1.7715767668735D-03  5.454D-04
   15.700000   -1.7381700737378D-03  5.351D-04
   15.750000   -1.7054943749500D-03  5.250D-04
   15.800000   -1.6735314983658D-03  5.151D-04
   15.850000   -1.6422637766044D-03  5.055D-04
   15.900000   -1.6116740317858D-03  4.961D-04
   15.950000   -1.5817455604958D-03  4.868D-04
   16.000000   -1.5524621192502D-03  4.778D-04
   16.050000   -1.5238079106786D-03  4.689D-04
   16.100000   -1.4957675699937D-03  4.603D-04
   16.150000   -1.4683261516446D-03  4.518D-04
   16.200000   -1.4414691171238D-03  4.435D-04
   16.250000   -1.4151823223658D-03  4.354D-04
   16.300000   -1.3894520061964D-03  4.275D-04
   16.350000   -1.3642647786993D-03  4.197D-04
   16.400000   -1.3396076103666D-03  4.121D-04
   16.450000   -1.3154678210617D-03  4.047D-04
   16.500000   -1.2918330701462D-03  3.974D-04
   16.550000   -1.2686913459355D-03  3.903D-04
   16.600000   -1.2460309564831D-03  3.833D-04
   16.650000   -1.2238405198578D-03  3.764D-04
   16.700000   -1.2021089552110D-03  3.697D-04
   16.750000   -1.1808254739338D-03  3.632D-04
   16.800000   -1.1599795711731D-03  3.567D-04
   16.850000   -1.1395610176560D-03  3.504D-04
   16.900000   -1.1195598514970D-03  3.443D-04
   16.950000   -1.0999663707457D-03  3.382D-04
   17.000000   -1.0807711257050D-03  3.323D-04
   17.050000   -1.0619649117734D-03  3.265D-04
   17.100000   -1.0435387623835D-03  3.209D-04
   17.150000   -1.0254839422512D-03  3.153D-04
   17.200000   -1.0077919406667D-03  3.098D-04
   17.250000   -9.9045446531389D-04  3.045D-04
   17.300000   -9.7346343591740D-04  2.993D-04
   17.350000   -9.5681097831002D-04  2.941D-04
   17.400000   -9.4048941865334D-04  2.891D-04
   17.450000   -9.2449127775580D-04  2.842D-04
   17.500000   -9.0880926559835D-04  2.794D-04
   17.550000   -8.9343627606702D-04  2.746D-04
   17.600000   -8.7836538194792D-04  2.700D-04
   17.650000   -8.6358982980523D-04  2.654D-04
   17.700000   -8.4910303512243D-04  2.610D-04
   17.750000   -8.3489857786870D-04  2.566D-04
   17.800000   -8.2097019767930D-04  2.523D-04
   17.850000   -8.0731178957036D-04  2.481D-04
   17.900000   -7.9391739986353D-04  2.440D-04
   17.950000   -7.8078122172576D-04  2.399D-04
   18.000000   -7.6789759151474D-04  2.360D-04
   18.050000   -7.5526098425242D-04  2.321D-04
   18.100000   -7.4286601071753D-04  2.283D-04
   18.150000   -7.3070741323316D-04  2.245D-04
   18.200000   -7.1878006209911D-04  2.209D-04
   18.250000   -7.0707895245276D-04  2.173D-04
   18.300000   -6.9559920063777D-04  2.137D-04
   18.350000   -6.8433604100174D-04  2.103D-04
   18.400000   -6.7328482290635D-04  2.069D-04
   18.450000   -6.6244100740816D-04  2.035D-04
   18.500000   -6.5180016453187D-04  2.002D-04
   18.550000   -6.4135797032275D-04  1.970D-04
   18.600000   -6.3111020378737D-04  1.939D-04
   18.650000   -6.2105274464363D-04  1.908D-04
   18.700000   -6.1118157020046D-04  1.877D-04
   18.750000   -6.0149275315562D-04  1.848D-04
   18.800000   -5.9198245890291D-04  1.818D-04
   18.850000   -5.8264694305308D-04  1.790D-04
   18.900000   -5.7348254933144D-04  1.762D-04
   18.950000   -5.6448570709341D-04  1.734D-04
   19.000000   -5.5565292916287D-04  1.707D-04
   19.050000   -5.4698080972208D-04  1.680D-04
   19.100000   -5.3846602198261D-04  1.654D-04
   19.150000   -5.3010531655855D-04  1.628D-04
   19.200000   -5.2189551907886D-04  1.603D-04
   19.250000   -5.1383352850235D-04  1.578D-04
   19.300000   -5.0591631526782D-04  1.554D-04
   19.350000   -4.9814091922583D-04  1.530D-04
   19.400000   -4.9050444816477D-04  1.506D-04
   19.450000   -4.8300407590150D-04  1.483D-04
   19.500000   -4.7563704069571D-04  1.461D-04
   19.550000   -4.6840064355413D-04  1.438D-04
   19.600000   -4.6129224685857D-04  1.417D-04
   19.650000   -4.5430927245040D-04  1.395D-04
   19.700000   -4.4744920052670D-04  1.374D-04
   19.750000   -4.4070956793884D-04  1.353D-04
   19.800000   -4.3408796681488D-04  1.333D-04
   19.850000   -4.2758204339786D-04  1.313D-04
   19.900000   -4.2118949628621D-04  1.293D-04
   19.950000   -4.1490807564920D-04  1.274D-04
   20.000000   -4.0873558151932D-04  1.255D-04
   20.050000   -4.0266986278870D-04  1.236D-04
   20.100000   -3.9670881593326D-04  1.218D-04
   20.150000   -3.9085038395280D-04  1.200D-04
   20.200000   -3.8509255498484D-04  1.182D-04
   20.250000   -3.7943336173097D-04  1.165D-04
   20.300000   -3.7387087958081D-04  1.148D-04
   20.350000   -3.6840322636200D-04  1.131D-04
   20.400000   -3.6302856067952D-04  1.114D-04
   20.450000   -3.5774508144721D-04  1.098D-04
   20.500000   -3.5255102649662D-04  1.082D-04
   20.550000   -3.4744467205298D-04  1.067D-04
   20.600000   -3.4242433134261D-04  1.051D-04
   20.650000   -3.3748835412174D-04  1.036D-04
   20.700000   -3.3263512560817D-04  1.021D-04
   20.750000   -3.2786306562908D-04  1.006D-04
   20.800000   -3.2317062787695D-04  9.920D-05
   20.850000   -3.1855629905625D-04  9.778D-05
   20.900000   -3.1401859808406D-04  9.639D-05
   20.950000   -3.0955607545258D-04  9.502D-05
   21.000000   -3.0516731232028D-04  9.367D-05
   21.050000   -3.0085091987350D-04  9.234D-05
   21.100000   -2.9660553857925D-04  9.104D-05
   21.150000   -2.9242983765452D-04  8.976D-05
   21.200000   -2.8832251420968D-04  8.849D-05
   21.250000   -2.8428229260838D-04  8.725D-05
   21.300000   -2.8030792404425D-04  8.603D-05
   21.350000   -2.7639818557445D-04  8.483D-05
   21.400000   -2.7255187991261D-04  8.365D-05
   21.450000   -2.6876783451597D-04  8.249D-05
   21.500000   -2.6504490121481D-04  8.134D-05
   21.550000   -2.6138195557024D-04  8.022D-05
   21.600000   -2.5777789634018D-04  7.911D-05
   21.650000   -2.5423164483648D-04  7.802D-05
   21.700000   -2.5074214471597D-04  7.695D-05
   21.750000   -2.4730836122847D-04  7.590D-05
   21.800000   -2.4392928068155D-04  7.486D-05
   21.850000   -2.4060391012228D-04  7.384D-05
   21.900000   -2.3733127691000D-04  7.283D-05
   21.950000   -2.3411042796329D-04  7.184D-05
   22.000000   -2.3094042971226D-04  7.087D-05
   22.050000   -2.2782036729081D-04  6.991D-05
   22.100000   -2.2474934443409D-04  6.897D-05
   22.150000   -2.2172648277890D-04  6.804D-05
   22.200000   -2.1875092176084D-04  6.713D-05
   22.250000   -2.1582181796847D-04  6.623D-05
   22.300000   -2.1293834482300D-04  6.534D-05
   22.350000   -2.1009969231201D-04  6.447D-05
   22.400000   -2.0730506656024D-04  6.361D-05
   22.450000   -2.0455368940011D-04  6.277D-05
   22.500000   -2.0184479810505D-04  6.193D-05
   22.550000   -1.9917764506819D-04  6.112D-05
   22.600000   -1.9655149742685D-04  6.031D-05
   22.650000   -1.9396563684955D-04  5.952D-05
   22.700000   -1.9141935878009D-04  5.873D-05
   22.750000   -1.8891197287580D-04  5.796D-05
   22.800000   -1.8644280203423D-04  5.721D-05
   22.850000   -1.8401118255959D-04  5.646D-05
   22.900000   -1.8161646362357D-04  5.572D-05
   22.950000   -1.7925800699723D-04  5.500D-05
   23.000000   -1.7693518683726D-04  5.429D-05
   23.050000   -1.7464738952630D-04  5.358D-05
   23.100000   -1.7239401318748D-04  5.289D-05
   23.150000   -1.7017446757881D-04  5.221D-05
   23.200000   -1.6798817382470D-04  5.154D-05
   23.250000   -1.6583456414730D-04  5.088D-05
   23.300000   -1.6371308165209D-04  5.023D-05
   23.350000   -1.6162318005901D-04  4.959D-05
   23.400000   -1.5956432359653D-04  4.895D-05
   23.450000   -1.5753598656967D-04  4.833D-05
   23.500000   -1.5553765336251D-04  4.772D-05
   23.550000   -1.5356881806035D-04  4.711D-05
   23.600000   -1.5162898439775D-04  4.652D-05
   23.650000   -1.4971766543488D-04  4.593D-05
   23.700000   -1.4783438339676D-04  4.535D-05
   23.750000   -1.4597866945811D-04  4.478D-05
   23.800000   -1.4415006363673D-04  4.422D-05
   23.850000   -1.4234811463254D-04  4.367D-05
   23.900000   -1.4057237939504D-04  4.312D-05
   23.950000   -1.3882242328796D-04  4.259D-05
   24.000000   -1.3709781971099D-04  4.206D-05
   24.050000   -1.3539814993850D-04  4.154D-05
   24.100000   -1.3372300312118D-04  4.102D-05
   24.150000   -1.3207197585325D-04  4.052D-05
   24.200000   -1.3044467228256D-04  4.002D-05
   24.250000   -1.2884070378630D-04  3.952D-05
   24.300000   -1.2725968897238D-04  3.904D-05
   24.350000   -1.2570125335508D-04  3.856D-05
   24.400000   -1.2416502935637D-04  3.809D-05
   24.450000   -1.2265065603567D-04  3.762D-05
   24.500000   -1.2115777909117D-04  3.717D-05
   24.550000   -1.1968605069813D-04  3.671D-05
   24.600000   -1.1823512934717D-04  3.627D-05
   24.650000   -1.1680467962815D-04  3.583D-05
   24.700000   -1.1539437223135D-04  3.540D-05
   24.750000   -1.1400388389428D-04  3.497D-05
   24.800000   -1.1263289696812D-04  3.455D-05
   24.850000   -1.1128109979913D-04  3.413D-05
   24.900000   -1.0994818602343D-04  3.373D-05
   24.950000   -1.0863385500258D-04  3.332D-05
   25.000000   -1.0733781133559D-04  3.292D-05
   25.050000   -1.0605976491427D-04  3.253D-05
   25.100000   -1.0479943086973D-04  3.215D-05
   25.150000   -1.0355652924736D-04  3.176D-05
   25.200000   -1.0233078522495D-04  3.139D-05
   25.250000   -1.0112192873325D-04  3.102D-05
   25.300000   -9.9929694511115D-05  3.065D-05
   25.350000   -9.8753821943287D-05  3.029D-05
   25.400000   -9.7594054898181D-05  2.993D-05
   25.450000   -9.6450142108888D-05  2.958D-05
   25.500000   -9.5321836359016D-05  2.924D-05
   25.550000   -9.4208894863632D-05  2.890D-05
   25.600000   -9.3111079106986D-05  2.856D-05
   25.650000   -9.2028154625833D-05  2.823D-05
   25.700000   -9.0959891173040D-05  2.790D-05
   25.750000   -8.9906062446569D-05  2.758D-05
   25.800000   -8.8866445981430D-05  2.726D-05
   25.850000   -8.7840823258874D-05  2.694D-05
   25.900000   -8.6828979544013D-05  2.663D-05
   25.950000   -8.5830703723353D-05  2.632D-05
   26.000000   -8.4845788359645D-05  2.602D-05
   26.050000   -8.3874029529435D-05  2.572D-05
   26.100000   -8.2915226877862D-05  2.543D-05
   26.150000   -8.1969183456178D-05  2.514D-05
   26.200000   -8.1035705559207D-05  2.485D-05
   26.250000   -8.0114602997470D-05  2.457D-05
   26.300000   -7.9205688608636D-05  2.429D-05
   26.350000   -7.8308778529623D-05  2.402D-05
   26.400000   -7.7423691979671D-05  2.375D-05
   26.450000   -7.6550251152109D-05  2.348D-05
   26.500000   -7.5688281432063D-05  2.321D-05
   26.550000   -7.4837610907845D-05  2.295D-05
   26.600000   -7.3998070751668D-05  2.269D-05
   26.650000   -7.3169494894001D-05  2.244D-05
   26.700000   -7.2351720023921D-05  2.219D-05
   26.750000   -7.1544585589463D-05  2.194D-05
   26.800000   -7.0747933689275D-05  2.170D-05
   26.850000   -6.9961609127286D-05  2.146D-05
   26.900000   -6.9185459141335D-05  2.122D-05
   26.950000   -6.8419333729501D-05  2.098D-05
   27.000000   -6.7663085107031D-05  2.075D-05
   27.050000   -6.6916568195674D-05  2.052D-05
   27.100000   -6.6179640080567D-05  2.030D-05
   27.150000   -6.5452160336558D-05  2.007D-05
   27.200000   -6.4733990811112D-05  1.985D-05
   27.250000   -6.4024995624566D-05  1.963D-05
   27.300000   -6.3325041116057D-05  1.942D-05
   27.350000   -6.2633995843754D-05  1.921D-05
   27.400000   -6.1951730476419D-05  1.900D-05
   27.450000   -6.1278117793655D-05  1.879D-05
   27.500000   -6.0613032577421D-05  1.859D-05
   27.550000   -5.9956351829655D-05  1.839D-05
   27.600000   -5.9307954337722D-05  1.819D-05
   27.650000   -5.8667721000703D-05  1.799D-05
   27.700000   -5.8035534557862D-05  1.780D-05
   27.750000   -5.7411279643204D-05  1.761D-05
   27.800000   -5.6794842785663D-05  1.742D-05
   27.850000   -5.6186112300597D-05  1.723D-05
   27.900000   -5.5584978344324D-05  1.705D-05
   27.950000   -5.4991332805606D-05  1.686D-05
   28.000000   -5.4405069251473D-05  1.668D-05
   28.050000   -5.3826082981745D-05  1.651D-05
   28.100000   -5.3254271029194D-05  1.633D-05
   28.150000   -5.2689531996664D-05  1.616D-05
   28.200000   -5.2131766002883D-05  1.599D-05
   28.250000   -5.1580874954343D-05  1.582D-05
   28.300000   -5.1036762165023D-05  1.565D-05
   28.350000   -5.0499332519579D-05  1.549D-05
   28.400000   -4.9968492419125D-05  1.532D-05
   28.450000   -4.9444149618339D-05  1.516D-05
   28.500000   -4.8926213551673D-05  1.500D-05
   28.550000   -4.8414594790005D-05  1.485D-05
   28.600000   -4.7909205584254D-05  1.469D-05
   28.650000   -4.7409959322006D-05  1.454D-05
   28.700000   -4.6916770853731D-05  1.439D-05
   28.750000   -4.6429556384204D-05  1.424D-05
   28.800000   -4.5948233309571D-05  1.409D-05
   28.850000   -4.5472720434849D-05  1.394D-05
   28.900000   -4.5002937756645D-05  1.380D-05
   28.950000   -4.4538806517602D-05  1.366D-05
   29.000000   -4.4080249097808D-05  1.352D-05
   29.050000   -4.3627189232291D-05  1.338D-05
   29.100000   -4.3179551739367D-05  1.324D-05
   29.150000   -4.2737262520729D-05  1.311D-05
   29.200000   -4.2300248778954D-05  1.297D-05
   29.250000   -4.1868438691470D-05  1.284D-05
   29.300000   -4.1441761573707D-05  1.271D-05
   29.350000   -4.1020147824833D-05  1.258D-05
   29.400000   -4.0603528927824D-05  1.245D-05
   29.450000   -4.0191837449564D-05  1.232D-05
   29.500000   -3.9785006769143D-05  1.220D-05
   29.550000   -3.9382971512766D-05  1.208D-05
   29.600000   -3.8985667227708D-05  1.195D-05
   29.650000   -3.8593030328033D-05  1.183D-05
   29.700000   -3.8204998366432D-05  1.171D-05
   29.750000   -3.7821509653816D-05  1.160D-05
   29.800000   -3.7442503531157D-05  1.148D-05
   29.850000   -3.7067920260842D-05  1.137D-05
   29.900000   -3.6697700918030D-05  1.125D-05
   29.950000   -3.6331787553775D-05  1.114D-05
   30.000000   -3.5970123032032D-05  1.103D-05
   30.050000   -3.5612651029705D-05  1.092D-05
   30.100000   -3.5259316199781D-05  1.081D-05
   30.150000   -3.4910063790888D-05  1.070D-05
   30.200000   -3.4564840136566D-05  1.060D-05
   30.250000   -3.4223592111742D-05  1.049D-05
   30.300000   -3.3886267513299D-05  1.039D-05
   30.350000   -3.3552814951395D-05  1.029D-05
   30.400000   -3.3223183632097D-05  1.019D-05
   30.450000   -3.2897323683566D-05  1.009D-05
   30.500000   -3.2575185829966D-05  9.988D-06
   30.550000   -3.2256721554583D-05  9.891D-06
   30.600000   -3.1941883154223D-05  9.794D-06
   30.650000   -3.1630623413112D-05  9.699D-06
   30.700000   -3.1322896037807D-05  9.604D-06
   30.750000   -3.1018655222367D-05  9.511D-06
   30.800000   -3.0717855974550D-05  9.419D-06
   30.850000   -3.0420453789696D-05  9.327D-06
   30.900000   -3.0126404976921D-05  9.237D-06
   30.950000   -2.9835666387364D-05  9.148D-06
   31.000000   -2.9548195468578D-05  9.060D-06
   31.050000   -2.9263950373290D-05  8.973D-06
   31.100000   -2.8982889796355D-05  8.887D-06
   31.150000   -2.8704972974790D-05  8.801D-06
   31.200000   -2.8430159850891D-05  8.717D-06
   31.250000   -2.8158410909184D-05  8.634D-06
   31.300000   -2.7889687122097D-05  8.551D-06
   31.350000   -2.7623950058712D-05  8.470D-06
   31.400000   -2.7361161939157D-05  8.389D-06
   31.450000   -2.7101285308472D-05  8.310D-06
   31.500000   -2.6844283417164D-05  8.231D-06
   31.550000   -2.6590120003791D-05  8.153D-06
   31.600000   -2.6338759294994D-05  8.076D-06
   31.650000   -2.6090166005514D-05  8.000D-06
   31.700000   -2.5844305392595D-05  7.924D-06
   31.750000   -2.5601143201635D-05  7.850D-06
   31.800000   -2.5360645611860D-05  7.776D-06
   31.850000   -2.5122779345062D-05  7.703D-06
   31.900000   -2.4887511556911D-05  7.631D-06
   31.950000   -2.4654809782605D-05  7.559D-06
   32.000000   -2.4424642263078D-05  7.489D-06
   32.050000   -2.4196977347028D-05  7.419D-06
   32.100000   -2.3971784034564D-05  7.350D-06
   32.150000   -2.3749031705422D-05  7.282D-06
   32.200000   -2.3528690227705D-05  7.214D-06
   32.250000   -2.3310729740452D-05  7.147D-06
   32.300000   -2.3095120925475D-05  7.081D-06
   32.350000   -2.2881834898656D-05  7.016D-06
   32.400000   -2.2670843046869D-05  6.951D-06
   32.450000   -2.2462117191092D-05  6.887D-06
   32.500000   -2.2255629640793D-05  6.824D-06
   32.550000   -2.2051352976485D-05  6.761D-06
   32.600000   -2.1849260158479D-05  6.699D-06
   32.650000   -2.1649324635625D-05  6.638D-06
   32.700000   -2.1451520019142D-05  6.577D-06
   32.750000   -2.1255820463188D-05  6.517D-06
   32.800000   -2.1062200393053D-05  6.458D-06
   32.850000   -2.0870634613901D-05  6.399D-06
   32.900000   -2.0681098256428D-05  6.341D-06
   32.950000   -2.0493566722498D-05  6.283D-06
   33.000000   -2.0308015957003D-05  6.226D-06
   33.050000   -2.0124421958565D-05  6.170D-06
   33.100000   -1.9942761214497D-05  6.114D-06
   33.150000   -1.9763010537704D-05  6.059D-06
   33.200000   -1.9585146957974D-05  6.005D-06
   33.250000   -1.9409147939449D-05  5.951D-06
   33.300000   -1.9234991163175D-05  5.897D-06
   33.350000   -1.9062654527115D-05  5.845D-06
   33.400000   -1.8892116472359D-05  5.792D-06
   33.450000   -1.8723355493839D-05  5.740D-06
   33.500000   -1.8556350466537D-05  5.689D-06
   33.550000   -1.8391080591131D-05  5.639D-06
   33.600000   -1.8227525285275D-05  5.588D-06
   33.650000   -1.8065664183605D-05  5.539D-06
   33.700000   -1.7905477300856D-05  5.490D-06
   33.750000   -1.7746944923133D-05  5.441D-06
   33.800000   -1.7590047553560D-05  5.393D-06
   33.850000   -1.7434765857913D-05  5.345D-06
   33.900000   -1.7281080936479D-05  5.298D-06
   33.950000   -1.7128973997849D-05  5.252D-06
   34.000000   -1.6978426630775D-05  5.205D-06
   34.050000   -1.6829420532333D-05  5.160D-06
   34.100000   -1.6681937671039D-05  5.115D-06
   34.150000   -1.6535960341224D-05  5.070D-06
   34.200000   -1.6391470999942D-05  5.025D-06
   34.250000   -1.6248452321340D-05  4.982D-06
   34.300000   -1.6106887196673D-05  4.938D-06
   34.350000   -1.5966758788674D-05  4.895D-06
   34.400000   -1.5828050531569D-05  4.853D-06
   34.450000   -1.5690745859231D-05  4.811D-06
   34.500000   -1.5554828694520D-05  4.769D-06
   34.550000   -1.5420283014328D-05  4.728D-06
   34.600000   -1.5287092958327D-05  4.687D-06
   34.650000   -1.5155242992085D-05  4.646D-06
   34.700000   -1.5024717743967D-05  4.606D-06
   34.750000   -1.4895502005135D-05  4.567D-06
   34.800000   -1.4767580783930D-05  4.528D-06
   34.850000   -1.4640939251508D-05  4.489D-06
   34.900000   -1.4515562850582D-05  4.450D-06
   34.950000   -1.4391437132322D-05  4.412D-06
   35.000000   -1.4268547919473D-05  4.375D-06
   35.050000   -1.4146881034502D-05  4.337D-06
   35.100000   -1.4026422734576D-05  4.300D-06
   35.150000   -1.3907159222226D-05  4.264D-06
   35.200000   -1.3789077025950D-05  4.227D-06
   35.250000   -1.3672162728365D-05  4.192D-06
   35.300000   -1.3556403238068D-05  4.156D-06
   35.350000   -1.3441785517779D-05  4.121D-06
   35.400000   -1.3328296693099D-05  4.086D-06
   35.450000   -1.3215924052506D-05  4.052D-06
   35.500000   -1.3104655156107D-05  4.018D-06
   35.550000   -1.2994477509413D-05  3.984D-06
   35.600000   -1.2885378998316D-05  3.950D-06
   35.650000   -1.2777347562865D-05  3.917D-06
   35.700000   -1.2670371197267D-05  3.884D-06
   35.750000   -1.2564438221754D-05  3.852D-06
   35.800000   -1.2459537010726D-05  3.820D-06
   35.850000   -1.2355656101500D-05  3.788D-06
   35.900000   -1.2252784139943D-05  3.756D-06
   35.950000   -1.2150909989217D-05  3.725D-06
   36.000000   -1.2050022566667D-05  3.694D-06
   36.050000   -1.1950111006947D-05  3.664D-06
   36.100000   -1.1851164444528D-05  3.633D-06
   36.150000   -1.1753172339938D-05  3.603D-06
   36.200000   -1.1656124153533D-05  3.574D-06
   36.250000   -1.1560009562987D-05  3.544D-06
   36.300000   -1.1464818191436D-05  3.515D-06
   36.350000   -1.1370540042460D-05  3.486D-06
   36.400000   -1.1277165010733D-05  3.457D-06
   36.450000   -1.1184683317011D-05  3.429D-06
   36.500000   -1.1093085181892D-05  3.401D-06
   36.550000   -1.1002360988944D-05  3.373D-06
   36.600000   -1.0912501175957D-05  3.346D-06
   36.650000   -1.0823496343698D-05  3.318D-06
   36.700000   -1.0735337255907D-05  3.291D-06
   36.750000   -1.0648014676187D-05  3.264D-06
   36.800000   -1.0561519639869D-05  3.238D-06
   36.850000   -1.0475843127774D-05  3.212D-06
   36.900000   -1.0390976338086D-05  3.186D-06
   36.950000   -1.0306910468861D-05  3.160D-06
   37.000000   -1.0223636989892D-05  3.134D-06
   37.050000   -1.0141147262101D-05  3.109D-06
   37.100000   -1.0059432972532D-05  3.084D-06
   37.150000   -9.9784858081070D-06  3.059D-06
   37.200000   -9.8982974556289D-06  3.035D-06
   37.250000   -9.8188598736560D-06  3.010D-06
   37.300000   -9.7401649662588D-06  2.986D-06
   37.350000   -9.6622049092665D-06  2.962D-06
   37.400000   -9.5849717696504D-06  2.938D-06
   37.450000   -9.5084579405211D-06  2.915D-06
   37.500000   -9.4326556517590D-06  2.892D-06
   37.550000   -9.3575573506384D-06  2.869D-06
   37.600000   -9.2831557018329D-06  2.846D-06
   37.650000   -9.2094432067898D-06  2.823D-06
   37.700000   -9.1364126387330D-06  2.801D-06
   37.750000   -9.0640567707894D-06  2.779D-06
   37.800000   -8.9923685391182D-06  2.757D-06
   37.850000   -8.9213408254075D-06  2.735D-06
   37.900000   -8.8509667831332D-06  2.713D-06
   37.950000   -8.7812395113042D-06  2.692D-06
   38.000000   -8.7121521632174D-06  2.671D-06
   38.050000   -8.6436981095854D-06  2.650D-06
   38.100000   -8.5758707210352D-06  2.629D-06
   38.150000   -8.5086633681106D-06  2.608D-06
   38.200000   -8.4420696931529D-06  2.588D-06
   38.250000   -8.3760832840461D-06  2.568D-06
   38.300000   -8.3106977285962D-06  2.548D-06
   38.350000   -8.2459068864107D-06  2.528D-06
   38.400000   -8.1817045082690D-06  2.508D-06
   38.450000   -8.1180845623799D-06  2.489D-06
   38.500000   -8.0550409625038D-06  2.469D-06
   38.550000   -7.9925677854559D-06  2.450D-06
   38.600000   -7.9306591079820D-06  2.431D-06
   38.650000   -7.8693091698863D-06  2.412D-06
   38.700000   -7.8085121565290D-06  2.394D-06
   38.750000   -7.7482623619561D-06  2.375D-06
   38.800000   -7.6885542432771D-06  2.357D-06
   38.850000   -7.6293821487837D-06  2.339D-06
   38.900000   -7.5707406985874D-06  2.321D-06
   38.950000   -7.5126243496071D-06  2.303D-06
   39.000000   -7.4550277762078D-06  2.285D-06
   39.050000   -7.3979457614468D-06  2.268D-06
   39.100000   -7.3413729251938D-06  2.251D-06
   39.150000   -7.2853041047659D-06  2.233D-06
   39.200000   -7.2297342461785D-06  2.216D-06
   39.250000   -7.1746582410136D-06  2.199D-06
   39.300000   -7.1200710895525D-06  2.183D-06
   39.350000   -7.0659678463993D-06  2.166D-06
   39.400000   -7.0123435661057D-06  2.150D-06
   39.450000   -6.9591934663018D-06  2.133D-06
   39.500000   -6.9065127645679D-06  2.117D-06
   39.550000   -6.8542966784332D-06  2.101D-06
   39.600000   -6.8025405341321D-06  2.085D-06
   39.650000   -6.7512397666057D-06  2.070D-06
   39.700000   -6.7003897563702D-06  2.054D-06
   39.750000   -6.6499859926495D-06  2.039D-06
   39.800000   -6.6000240189995D-06  2.023D-06
   39.850000   -6.5504993789301D-06  2.008D-06
   39.900000   -6.5014077246635D-06  1.993D-06
   39.950000   -6.4527447627547D-06  1.978D-06
   40.000000   -6.4045061997166D-06  1.963D-06
   40.050000   -6.3566877963975D-06  1.949D-06
   40.100000   -6.3092854223603D-06  1.934D-06
   40.150000   -6.2622948383709D-06  1.920D-06
   40.200000   -6.2157120770455D-06  1.905D-06
   40.250000   -6.1695330622051D-06  1.891D-06
   40.300000   -6.1237538263878D-06  1.877D-06
   40.350000   -6.0783702389595D-06  1.863D-06
   40.400000   -6.0333786586529D-06  1.850D-06
   40.450000   -5.9887750635157D-06  1.836D-06
   40.500000   -5.9445557578303D-06  1.822D-06
   40.550000   -5.9007168283293D-06  1.809D-06
   40.600000   -5.8572546336030D-06  1.796D-06
   40.650000   -5.8141653690721D-06  1.782D-06
   40.700000   -5.7714455020161D-06  1.769D-06
   40.750000   -5.7290913909244D-06  1.756D-06
   40.800000   -5.6870994486328D-06  1.743D-06
   40.850000   -5.6454660879445D-06  1.731D-06
   40.900000   -5.6041878847680D-06  1.718D-06
   40.950000   -5.5632613062228D-06  1.705D-06
   41.000000   -5.5226830369140D-06  1.693D-06
   41.050000   -5.4824495982796D-06  1.681D-06
   41.100000   -5.4425577292449D-06  1.668D-06
   41.150000   -5.4030040599472D-06  1.656D-06
   41.200000   -5.3637852748752D-06  1.644D-06
   41.250000   -5.3248982760057D-06  1.632D-06
   41.300000   -5.2863397477720D-06  1.621D-06
   41.350000   -5.2481065377177D-06  1.609D-06
   41.400000   -5.2101955477386D-06  1.597D-06
   41.450000   -5.1726036797051D-06  1.586D-06
   41.500000   -5.1353278354617D-06  1.574D-06
   41.550000   -5.0983649712075D-06  1.563D-06
   41.600000   -5.0617121518746D-06  1.552D-06
   41.650000   -5.0253663336126D-06  1.541D-06
   41.700000   -4.9893246356857D-06  1.530D-06
   41.750000   -4.9535841773340D-06  1.519D-06
   41.800000   -4.9181419690158D-06  1.508D-06
   41.850000   -4.8829952930640D-06  1.497D-06
   41.900000   -4.8481412686510D-06  1.486D-06
   41.950000   -4.8135771236856D-06  1.476D-06
   42.000000   -4.7793001404354D-06  1.465D-06
   42.050000   -4.7453075467667D-06  1.455D-06
   42.100000   -4.7115966792844D-06  1.444D-06
   42.150000   -4.6781648201926D-06  1.434D-06
   42.200000   -4.6450094691954D-06  1.424D-06
   42.250000   -4.6121278540767D-06  1.414D-06
   42.300000   -4.5795175288810D-06  1.404D-06
   42.350000   -4.5471758301135D-06  1.394D-06
   42.400000   -4.5151003117799D-06  1.384D-06
   42.450000   -4.4832884191079D-06  1.374D-06
   42.500000   -4.4517377060668D-06  1.365D-06
   42.550000   -4.4204456722277D-06  1.355D-06
   42.600000   -4.3894100346644D-06  1.346D-06
   42.650000   -4.3586282385327D-06  1.336D-06
   42.700000   -4.3280980008719D-06  1.327D-06
   42.750000   -4.2978169299443D-06  1.318D-06
   42.800000   -4.2677827971362D-06  1.308D-06
   42.850000   -4.2379931562966D-06  1.299D-06
   42.900000   -4.2084458875400D-06  1.290D-06
   42.950000   -4.1791385990638D-06  1.281D-06
   43.000000   -4.1500691709514D-06  1.272D-06
   43.050000   -4.1212353745105D-06  1.263D-06
   43.100000   -4.0926349810333D-06  1.255D-06
   43.150000   -4.0642659249391D-06  1.246D-06
   43.200000   -4.0361259774906D-06  1.237D-06
   43.250000   -4.0082130730784D-06  1.229D-06
   43.300000   -3.9805250916979D-06  1.220D-06
   43.350000   -3.9530600220926D-06  1.212D-06
   43.400000   -3.9258157442302D-06  1.203D-06
   43.450000   -3.8987903012076D-06  1.195D-06
   43.500000   -3.8719816273469D-06  1.187D-06
   43.550000   -3.8453877657186D-06  1.179D-06
   43.600000   -3.8190067593806D-06  1.171D-06
   43.650000   -3.7928366513785D-06  1.163D-06
   43.700000   -3.7668754847448D-06  1.155D-06
   43.750000   -3.7411214112620D-06  1.147D-06
   43.800000   -3.7155725283198D-06  1.139D-06
   43.850000   -3.6902269876771D-06  1.131D-06
   43.900000   -3.6650828866999D-06  1.124D-06
   43.950000   -3.6401384315050D-06  1.116D-06
   44.000000   -3.6153918281978D-06  1.108D-06
   44.050000   -3.5908412828730D-06  1.101D-06
   44.100000   -3.5664850016141D-06  1.093D-06
   44.150000   -3.5423211904937D-06  1.086D-06
   44.200000   -3.5183482187180D-06  1.079D-06
   44.250000   -3.4945642379574D-06  1.071D-06
   44.300000   -3.4709676717786D-06  1.064D-06
   44.350000   -3.4475567805942D-06  1.057D-06
   44.400000   -3.4243298791883D-06  1.050D-06
   44.450000   -3.4012852823356D-06  1.043D-06
   44.500000   -3.3784214679445D-06  1.036D-06
   44.550000   -3.3557367507708D-06  1.029D-06
   44.600000   -3.3332294999413D-06  1.022D-06
   44.650000   -3.3108981933377D-06  1.015D-06
   44.700000   -3.2887412000687D-06  1.008D-06
   44.750000   -3.2667570523794D-06  1.001D-06
   44.800000   -3.2449441193612D-06  9.947D-07
   44.850000   -3.2233009332418D-06  9.881D-07
   44.900000   -3.2018259174769D-06  9.815D-07
   44.950000   -3.1805177130409D-06  9.750D-07
   45.000000   -3.1593746889913D-06  9.685D-07
   45.050000   -3.1383954862860D-06  9.621D-07
   45.100000   -3.1175786371119D-06  9.557D-07
   45.150000   -3.0969226736476D-06  9.494D-07
   45.200000   -3.0764262368278D-06  9.431D-07
   45.250000   -3.0560878588159D-06  9.368D-07
   45.300000   -3.0359062892956D-06  9.307D-07
   45.350000   -3.0158798972694D-06  9.245D-07
   45.400000   -2.9960074324060D-06  9.184D-07
   45.450000   -2.9762875899857D-06  9.124D-07
   45.500000   -2.9567190108991D-06  9.064D-07
   45.550000   -2.9373003904122D-06  9.004D-07
   45.600000   -2.9180303694022D-06  8.945D-07
   45.650000   -2.8989076431213D-06  8.887D-07
   45.700000   -2.8799310155799D-06  8.828D-07
   45.750000   -2.8610991276349D-06  8.771D-07
   45.800000   -2.8424107289013D-06  8.713D-07
   45.850000   -2.8238645689878D-06  8.657D-07
   45.900000   -2.8054594518793D-06  8.600D-07
   45.950000   -2.7871941271717D-06  8.544D-07
   46.000000   -2.7690673988381D-06  8.489D-07
   46.050000   -2.7510780708448D-06  8.433D-07
   46.100000   -2.7332248927703D-06  8.379D-07
   46.150000   -2.7155067773343D-06  8.324D-07
   46.200000   -2.6979224741037D-06  8.270D-07
   46.250000   -2.6804708957871D-06  8.217D-07
   46.300000   -2.6631508463225D-06  8.164D-07
   46.350000   -2.6459612384076D-06  8.111D-07
   46.400000   -2.6289009303522D-06  8.059D-07
   46.450000   -2.6119688348434D-06  8.007D-07
   46.500000   -2.5951638101804D-06  7.955D-07
   46.550000   -2.5784847690400D-06  7.904D-07
   46.600000   -2.5619306784765D-06  7.854D-07
   46.650000   -2.5455004511566D-06  7.803D-07
   46.700000   -2.5291929997423D-06  7.753D-07
   46.750000   -2.5130072912731D-06  7.704D-07
   46.800000   -2.4969422927841D-06  7.654D-07
   46.850000   -2.4809970256881D-06  7.605D-07
   46.900000   -2.4651703482454D-06  7.557D-07
   46.950000   -2.4494613906254D-06  7.509D-07
   47.000000   -2.4338690654620D-06  7.461D-07
   47.050000   -2.4183924485330D-06  7.414D-07
   47.100000   -2.4030305068462D-06  7.366D-07
   47.150000   -2.3877822617882D-06  7.320D-07
   47.200000   -2.3726467891239D-06  7.273D-07
   47.250000   -2.3576231102314D-06  7.227D-07
   47.300000   -2.3427103008676D-06  7.181D-07
   47.350000   -2.3279074367854D-06  7.136D-07
   47.400000   -2.3132135937337D-06  7.091D-07
   47.450000   -2.2986278474572D-06  7.046D-07
   47.500000   -2.2841492193145D-06  7.002D-07
   47.550000   -2.2697769481916D-06  6.958D-07
   47.600000   -2.2555100010563D-06  6.914D-07
   47.650000   -2.2413476167874D-06  6.871D-07
   47.700000   -2.2272888711113D-06  6.828D-07
   47.750000   -2.2133328397505D-06  6.785D-07
   47.800000   -2.1994787615737D-06  6.742D-07
   47.850000   -2.1857257666794D-06  6.700D-07
   47.900000   -2.1720729307799D-06  6.658D-07
   47.950000   -2.1585195471165D-06  6.617D-07
   48.000000   -2.1450646913949D-06  6.576D-07
   48.050000   -2.1317075480832D-06  6.535D-07
   48.100000   -2.1184474104136D-06  6.494D-07
   48.150000   -2.1052833540814D-06  6.454D-07
   48.200000   -2.0922146179289D-06  6.414D-07
   48.250000   -2.0792404407954D-06  6.374D-07
   48.300000   -2.0663600615169D-06  6.334D-07
   48.350000   -2.0535726645433D-06  6.295D-07
   48.400000   -2.0408774343214D-06  6.256D-07
   48.450000   -2.0282737184452D-06  6.218D-07
   48.500000   -2.0157607557393D-06  6.179D-07
   48.550000   -2.0033376762580D-06  6.141D-07
   48.600000   -1.9910038819709D-06  6.103D-07
   48.650000   -1.9787585573103D-06  6.066D-07
   48.700000   -1.9666009954729D-06  6.029D-07
   48.750000   -1.9545305440366D-06  5.992D-07
   48.800000   -1.9425463874255D-06  5.955D-07
   48.850000   -1.9306478732122D-06  5.918D-07
   48.900000   -1.9188342945830D-06  5.882D-07
   48.950000   -1.9071049991053D-06  5.846D-07
   49.000000   -1.8954592255767D-06  5.810D-07
   49.050000   -1.8838963759433D-06  5.775D-07
   49.100000   -1.8724156889979D-06  5.740D-07
   49.150000   -1.8610165666819D-06  5.705D-07
   49.200000   -1.8496983021668D-06  5.670D-07
   49.250000   -1.8384602430056D-06  5.636D-07
   49.300000   -1.8273017911328D-06  5.601D-07
   49.350000   -1.8162222940969D-06  5.568D-07
   49.400000   -1.8052210450604D-06  5.534D-07
   49.450000   -1.7942975003348D-06  5.500D-07
   49.500000   -1.7834509530783D-06  5.467D-07
   49.550000   -1.7726808595981D-06  5.434D-07
   49.600000   -1.7619865674320D-06  5.401D-07
   49.650000   -1.7513674241155D-06  5.369D-07
   49.700000   -1.7408228859497D-06  5.336D-07
   49.750000   -1.7303523548501D-06  5.304D-07
   49.800000   -1.7199552327301D-06  5.272D-07
   49.850000   -1.7096309215010D-06  5.241D-07
   49.900000   -1.6993788230723D-06  5.209D-07
   49.950000   -1.6891983393515D-06  5.178D-07
   50.000000   -1.6790889810124D-06  5.147D-07
   50.050000   -1.6690501499587D-06  5.116D-07
   50.100000   -1.6590812480923D-06  5.086D-07
   50.150000   -1.6491817316976D-06  5.055D-07
   50.200000   -1.6393510570569D-06  5.025D-07
   50.250000   -1.6295886804509D-06  4.995D-07
   50.300000   -1.6198940581586D-06  4.966D-07
   50.350000   -1.6102667008414D-06  4.936D-07
   50.400000   -1.6007059560065D-06  4.907D-07
   50.450000   -1.5912114430804D-06  4.878D-07
   50.500000   -1.5817825095669D-06  4.849D-07
   50.550000   -1.5724187205052D-06  4.820D-07
   50.600000   -1.5631195321641D-06  4.792D-07
   50.650000   -1.5538844551955D-06  4.763D-07
   50.700000   -1.5447129458653D-06  4.735D-07
   50.750000   -1.5356045692064D-06  4.707D-07
   50.800000   -1.5265586183288D-06  4.680D-07
   50.850000   -1.5175749301838D-06  4.652D-07
   50.900000   -1.5086528522628D-06  4.625D-07
   50.950000   -1.4997918952083D-06  4.597D-07
   51.000000   -1.4909915696620D-06  4.571D-07
   51.050000   -1.4822514950323D-06  4.544D-07
   51.100000   -1.4735710731891D-06  4.517D-07
   51.150000   -1.4649499235382D-06  4.491D-07
   51.200000   -1.4563875567155D-06  4.464D-07
   51.250000   -1.4478835377397D-06  4.438D-07
   51.300000   -1.4394373772441D-06  4.412D-07
   51.350000   -1.4310486402449D-06  4.387D-07
   51.400000   -1.4227168917571D-06  4.361D-07
   51.450000   -1.4144416424100D-06  4.336D-07
   51.500000   -1.4062225659851D-06  4.311D-07
   51.550000   -1.3980591187246D-06  4.286D-07
   51.600000   -1.3899508656386D-06  4.261D-07
   51.650000   -1.3818974805050D-06  4.236D-07
   51.700000   -1.3738984195626D-06  4.212D-07
   51.750000   -1.3659533565868D-06  4.187D-07
   51.800000   -1.3580618565831D-06  4.163D-07
   51.850000   -1.3502234845557D-06  4.139D-07
   51.900000   -1.3424378598924D-06  4.115D-07
   51.950000   -1.3347045475951D-06  4.091D-07
   52.000000   -1.3270231126649D-06  4.068D-07
   52.050000   -1.3193932832555D-06  4.044D-07
   52.100000   -1.3118145155964D-06  4.021D-07
   52.150000   -1.3042865378392D-06  3.998D-07
   52.200000   -1.2968088605960D-06  3.975D-07
   52.250000   -1.2893812120166D-06  3.952D-07
   52.300000   -1.2820031027110D-06  3.930D-07
   52.350000   -1.2746742064421D-06  3.907D-07
   52.400000   -1.2673941425875D-06  3.885D-07
   52.450000   -1.2601625305235D-06  3.863D-07
   52.500000   -1.2529790440104D-06  3.841D-07
   52.550000   -1.2458432480380D-06  3.819D-07
   52.600000   -1.2387548707494D-06  3.797D-07
   52.650000   -1.2317134771326D-06  3.776D-07
   52.700000   -1.2247186865595D-06  3.754D-07
   52.750000   -1.2177702271704D-06  3.733D-07
   52.800000   -1.2108677727204D-06  3.712D-07
   52.850000   -1.2040108338088D-06  3.691D-07
   52.900000   -1.1971991929585D-06  3.670D-07
   52.950000   -1.1904324695370D-06  3.649D-07
   53.000000   -1.1837103372958D-06  3.629D-07
   53.050000   -1.1770324156007D-06  3.608D-07
   53.100000   -1.1703984325863D-06  3.588D-07
   53.150000   -1.1638080076170D-06  3.568D-07
   53.200000   -1.1572608144410D-06  3.547D-07
   53.250000   -1.1507565811906D-06  3.528D-07
   53.300000   -1.1442949816127D-06  3.508D-07
   53.350000   -1.1378756350683D-06  3.488D-07
   53.400000   -1.1314982696876D-06  3.468D-07
   53.450000   -1.1251625592151D-06  3.449D-07
   53.500000   -1.1188682317795D-06  3.430D-07
   53.550000   -1.1126149067389D-06  3.411D-07
   53.600000   -1.1064023122206D-06  3.392D-07
   53.650000   -1.1002301763514D-06  3.373D-07
   53.700000   -1.0940981728721D-06  3.354D-07
   53.750000   -1.0880059755229D-06  3.335D-07
   53.800000   -1.0819533668136D-06  3.317D-07
   53.850000   -1.0759399660981D-06  3.298D-07
   53.900000   -1.0699655014995D-06  3.280D-07
   53.950000   -1.0640297555258D-06  3.262D-07
   54.000000   -1.0581323475287D-06  3.244D-07
   54.050000   -1.0522730600148D-06  3.226D-07
   54.100000   -1.0464516211049D-06  3.208D-07
   54.150000   -1.0406676501488D-06  3.190D-07
   54.200000   -1.0349209840365D-06  3.172D-07
   54.250000   -1.0292112965019D-06  3.155D-07
   54.300000   -1.0235383156632D-06  3.138D-07
   54.350000   -1.0179018240234D-06  3.120D-07
   54.400000   -1.0123014953148D-06  3.103D-07
   54.450000   -1.0067370576539D-06  3.086D-07
   54.500000   -1.0012082935419D-06  3.069D-07
   54.550000   -9.9571487670935D-07  3.052D-07
   54.600000   -9.9025664404164D-07  3.036D-07
   54.650000   -9.8483326926799D-07  3.019D-07
   54.700000   -9.7944448050227D-07  3.002D-07
   54.750000   -9.7409011462849D-07  2.986D-07
   54.800000   -9.6876984537421D-07  2.970D-07
   54.850000   -9.6348345523711D-07  2.953D-07
   54.900000   -9.5823067232903D-07  2.937D-07
   54.950000   -9.5301127914658D-07  2.921D-07
   55.000000   -9.4782500380063D-07  2.905D-07
   55.050000   -9.4267162878690D-07  2.890D-07
   55.100000   -9.3755093660054D-07  2.874D-07
   55.150000   -9.3246265535096D-07  2.858D-07
   55.200000   -9.2740656753249D-07  2.843D-07
   55.250000   -9.2238240125346D-07  2.827D-07
   55.300000   -9.1738999339269D-07  2.812D-07
   55.350000   -9.1242907205765D-07  2.797D-07
   55.400000   -9.0749941974084D-07  2.782D-07
   55.450000   -9.0260081893429D-07  2.767D-07
   55.500000   -8.9773305212963D-07  2.752D-07
   55.550000   -8.9289584743247D-07  2.737D-07
   55.600000   -8.8808904171910D-07  2.722D-07
   55.650000   -8.8331241747986D-07  2.708D-07
   55.700000   -8.7856570281916D-07  2.693D-07
   55.750000   -8.7384873461193D-07  2.679D-07
   55.800000   -8.6916129534738D-07  2.664D-07
   55.850000   -8.6450316751414D-07  2.650D-07
   55.900000   -8.5987413360055D-07  2.636D-07
   55.950000   -8.5527397609454D-07  2.622D-07
   56.000000   -8.5070253186914D-07  2.608D-07
   56.050000   -8.4615952902599D-07  2.594D-07
   56.100000   -8.4164485882296D-07  2.580D-07
   56.150000   -8.3715819497532D-07  2.566D-07
   56.200000   -8.3269948312580D-07  2.553D-07
   56.250000   -8.2826839698901D-07  2.539D-07
   56.300000   -8.2386482782133D-07  2.525D-07
   56.350000   -8.1948850372220D-07  2.512D-07
   56.400000   -8.1513931594742D-07  2.499D-07
   56.450000   -8.1081704698120D-07  2.485D-07
   56.500000   -8.0652147930755D-07  2.472D-07
   56.550000   -8.0225239541003D-07  2.459D-07
   56.600000   -7.9800968654314D-07  2.446D-07
   56.650000   -7.9379313518979D-07  2.433D-07
   56.700000   -7.8960257821824D-07  2.420D-07
   56.750000   -7.8543779811079D-07  2.408D-07
   56.800000   -7.8129857734939D-07  2.395D-07
   56.850000   -7.7718480718699D-07  2.382D-07
   56.900000   -7.7309627010493D-07  2.370D-07
   56.950000   -7.6903285735565D-07  2.357D-07
   57.000000   -7.6499429703410D-07  2.345D-07
   57.050000   -7.6098058916358D-07  2.333D-07
   57.100000   -7.5699129868135D-07  2.320D-07
   57.150000   -7.5302637122436D-07  2.308D-07
   57.200000   -7.4908569804361D-07  2.296D-07
   57.250000   -7.4516900723255D-07  2.284D-07
   57.300000   -7.4127624442746D-07  2.272D-07
   57.350000   -7.3740713772121D-07  2.260D-07
   57.400000   -7.3356157836373D-07  2.249D-07
   57.450000   -7.2973940321893D-07  2.237D-07
   57.500000   -7.2594044915042D-07  2.225D-07
   57.550000   -7.2216455302157D-07  2.214D-07
   57.600000   -7.1841155169550D-07  2.202D-07
   57.650000   -7.1468128203507D-07  2.191D-07
   57.700000   -7.1097358090288D-07  2.179D-07
   57.750000   -7.0728828516124D-07  2.168D-07
   57.800000   -7.0362528605814D-07  2.157D-07
   57.850000   -6.9998436606957D-07  2.146D-07
   57.900000   -6.9636541644301D-07  2.135D-07
   57.950000   -6.9276832842570D-07  2.124D-07
   58.000000   -6.8919283010705D-07  2.113D-07
   58.050000   -6.8563886711974D-07  2.102D-07
   58.100000   -6.8210627632442D-07  2.091D-07
   58.150000   -6.7859489458157D-07  2.080D-07
   58.200000   -6.7510461313732D-07  2.069D-07
   58.250000   -6.7163521446576D-07  2.059D-07
   58.300000   -6.6818658981257D-07  2.048D-07
   58.350000   -6.6475863042327D-07  2.038D-07
   58.400000   -6.6135117315720D-07  2.027D-07
   58.450000   -6.5796410925946D-07  2.017D-07
   58.500000   -6.5459722120298D-07  2.007D-07
   58.550000   -6.5125040023250D-07  1.996D-07
   58.600000   -6.4792353759240D-07  1.986D-07
   58.650000   -6.4461652452705D-07  1.976D-07
   58.700000   -6.4132914350856D-07  1.966D-07
   58.750000   -6.3806134016678D-07  1.956D-07
   58.800000   -6.3481289697345D-07  1.946D-07
   58.850000   -6.3158375955808D-07  1.936D-07
   58.900000   -6.2837376477798D-07  1.926D-07
   58.950000   -6.2518280387633D-07  1.916D-07
   59.000000   -6.2201071371003D-07  1.907D-07
   59.050000   -6.1885738552188D-07  1.897D-07
   59.100000   -6.1572271055452D-07  1.887D-07
   59.150000   -6.1260652566431D-07  1.878D-07
   59.200000   -6.0950872209351D-07  1.868D-07
   59.250000   -6.0642919108422D-07  1.859D-07
   59.300000   -6.0336776949227D-07  1.850D-07
   59.350000   -6.0032440294551D-07  1.840D-07
   59.400000   -5.9729892829947D-07  1.831D-07
   59.450000   -5.9429118240943D-07  1.822D-07
   59.500000   -5.9130116528888D-07  1.813D-07
   59.550000   -5.8832860502059D-07  1.803D-07
   59.600000   -5.8537350161769D-07  1.794D-07
   59.650000   -5.8243569193493D-07  1.785D-07
   59.700000   -5.7951506721286D-07  1.776D-07
   59.750000   -5.7661151869199D-07  1.768D-07
   59.800000   -5.7372493761264D-07  1.759D-07
   59.850000   -5.7085521521499D-07  1.750D-07
   59.900000   -5.6800218835293D-07  1.741D-07
   59.950000   -5.6516580265247D-07  1.732D-07
   60.000000   -5.6234594935334D-07  1.724D-07
   60.050000   -5.5954246530897D-07  1.715D-07
   60.100000   -5.5675524175881D-07  1.707D-07
   60.150000   -5.5398427871453D-07  1.698D-07
   60.200000   -5.5122935864293D-07  1.690D-07
   60.250000   -5.4849037278302D-07  1.681D-07
   60.300000   -5.4576726675991D-07  1.673D-07
   60.350000   -5.4305993181234D-07  1.665D-07
   60.400000   -5.4036825917897D-07  1.656D-07
   60.450000   -5.3769214009829D-07  1.648D-07
   60.500000   -5.3503146580863D-07  1.640D-07
   60.550000   -5.3238612754828D-07  1.632D-07
   60.600000   -5.2975607094158D-07  1.624D-07
   60.650000   -5.2714113284026D-07  1.616D-07
   60.700000   -5.2454125886840D-07  1.608D-07
   60.750000   -5.2195628587751D-07  1.600D-07
   60.800000   -5.1938621387773D-07  1.592D-07
   60.850000   -5.1683087972031D-07  1.584D-07
   60.900000   -5.1429017464257D-07  1.576D-07
   60.950000   -5.1176404426807D-07  1.569D-07
   61.000000   -5.0925237983395D-07  1.561D-07
   61.050000   -5.0675512696356D-07  1.553D-07
   61.100000   -5.0427206812116D-07  1.546D-07
   61.150000   -5.0180325770251D-07  1.538D-07
   61.200000   -4.9934847817165D-07  1.531D-07
   61.250000   -4.9690772953775D-07  1.523D-07
   61.300000   -4.9448090303735D-07  1.516D-07
   61.350000   -4.9206788990678D-07  1.508D-07
   61.400000   -4.8966858138228D-07  1.501D-07
   61.450000   -4.8728292308633D-07  1.494D-07
   61.500000   -4.8491080625500D-07  1.486D-07
   61.550000   -4.8255217651053D-07  1.479D-07
   61.600000   -4.8020692508879D-07  1.472D-07
   61.650000   -4.7787488883914D-07  1.465D-07
   61.700000   -4.7555612215631D-07  1.458D-07
   61.750000   -4.7325046188946D-07  1.451D-07
   61.800000   -4.7095779927402D-07  1.444D-07
   61.850000   -4.6867813431811D-07  1.437D-07
   61.900000   -4.6641130387058D-07  1.430D-07
   61.950000   -4.6415725355294D-07  1.423D-07
   62.000000   -4.6191587460025D-07  1.416D-07
   62.050000   -4.5968716702030D-07  1.409D-07
   62.100000   -4.5747096766153D-07  1.402D-07
   62.150000   -4.5526722214513D-07  1.396D-07
   62.200000   -4.5307582170576D-07  1.389D-07
   62.250000   -4.5089676635092D-07  1.382D-07
   62.300000   -4.4872989292863D-07  1.376D-07
   62.350000   -4.4657520144622D-07  1.369D-07
   62.400000   -4.4443252875154D-07  1.362D-07
   62.450000   -4.4230187485179D-07  1.356D-07
   62.500000   -4.4018313098107D-07  1.349D-07
   62.550000   -4.3807618837349D-07  1.343D-07
   62.600000   -4.3598099264948D-07  1.336D-07
   62.650000   -4.3389748942944D-07  1.330D-07
   62.700000   -4.3182562433368D-07  1.324D-07
   62.750000   -4.2976528859592D-07  1.317D-07
   62.800000   -4.2771637344985D-07  1.311D-07
   62.850000   -4.2567887890203D-07  1.305D-07
   62.900000   -4.2365269618598D-07  1.299D-07
   62.950000   -4.2163771653510D-07  1.292D-07
   63.000000   -4.1963393995579D-07  1.286D-07
   63.050000   -4.1764125768131D-07  1.280D-07
   63.100000   -4.1565961533140D-07  1.274D-07
   63.150000   -4.1368895852573D-07  1.268D-07
   63.200000   -4.1172912411074D-07  1.262D-07
   63.250000   -4.0978016647911D-07  1.256D-07
   63.300000   -4.0784197686372D-07  1.250D-07
   63.350000   -4.0591444649739D-07  1.244D-07
   63.400000   -4.0399752099944D-07  1.238D-07
   63.450000   -4.0209114598911D-07  1.233D-07
   63.500000   -4.0019526708561D-07  1.227D-07
   63.550000   -3.9830982990806D-07  1.221D-07
   63.600000   -3.9643472568894D-07  1.215D-07
   63.650000   -3.9456995443384D-07  1.209D-07
   63.700000   -3.9271535298852D-07  1.204D-07
   63.750000   -3.9087092135843D-07  1.198D-07
   63.800000   -3.8903660516241D-07  1.193D-07
   63.850000   -3.8721235001920D-07  1.187D-07
   63.900000   -3.8539804716090D-07  1.181D-07
   63.950000   -3.8359364220614D-07  1.176D-07
   64.000000   -3.8179902638687D-07  1.170D-07
   64.050000   -3.8001419970822D-07  1.165D-07
   64.100000   -3.7823916217532D-07  1.159D-07
   64.150000   -3.7647380501994D-07  1.154D-07
   64.200000   -3.7471801947379D-07  1.149D-07
   64.250000   -3.7297180554182D-07  1.143D-07
   64.300000   -3.7123505445561D-07  1.138D-07
   64.350000   -3.6950776622001D-07  1.133D-07
   64.400000   -3.6778983206652D-07  1.127D-07
   64.450000   -3.6608119761318D-07  1.122D-07
   64.500000   -3.6438180847804D-07  1.117D-07
   64.550000   -3.6269161027908D-07  1.112D-07
   64.600000   -3.6101060302091D-07  1.107D-07
   64.650000   -3.5933862354805D-07  1.101D-07
   64.700000   -3.5767572625168D-07  1.096D-07
   64.750000   -3.5602174797622D-07  1.091D-07
   64.800000   -3.5437668872604D-07  1.086D-07
   64.850000   -3.5274054850557D-07  1.081D-07
   64.900000   -3.5111316415904D-07  1.076D-07
   64.950000   -3.4949453569069D-07  1.071D-07
   65.000000   -3.4788460871808D-07  1.066D-07
   65.050000   -3.4628332885870D-07  1.061D-07
   65.100000   -3.4469064172999D-07  1.057D-07
   65.150000   -3.4310649294935D-07  1.052D-07
   65.200000   -3.4153082813412D-07  1.047D-07
   65.250000   -3.3996359290161D-07  1.042D-07
   65.300000   -3.3840478725584D-07  1.037D-07
   65.350000   -3.3685424804050D-07  1.033D-07
   65.400000   -3.3531202964629D-07  1.028D-07
   65.450000   -3.3377802330357D-07  1.023D-07
   65.500000   -3.3225222901620D-07  1.018D-07
   65.550000   -3.3073453801446D-07  1.014D-07
   65.600000   -3.2922495030210D-07  1.009D-07
   65.650000   -3.2772335710932D-07  1.005D-07
   65.700000   -3.2622981282660D-07  1.000D-07
   65.750000   -3.2474415429726D-07  9.955D-08
   65.800000   -3.2326638152492D-07  9.909D-08
   65.850000   -3.2179644012636D-07  9.864D-08
   65.900000   -3.2033433010516D-07  9.819D-08
   65.950000   -3.1887994269124D-07  9.775D-08
   66.000000   -3.1743327788807D-07  9.730D-08
   66.050000   -3.1599422692547D-07  9.686D-08
   66.100000   -3.1456278980690D-07  9.642D-08
   66.150000   -3.1313891214890D-07  9.599D-08
   66.200000   -3.1172253956798D-07  9.555D-08
   66.250000   -3.1031367206750D-07  9.512D-08
   66.300000   -3.0891220087708D-07  9.469D-08
   66.350000   -3.0751812599995D-07  9.426D-08
   66.400000   -3.0613133866567D-07  9.384D-08
   66.450000   -3.0475189326426D-07  9.342D-08
   66.500000   -3.0337968102522D-07  9.300D-08
   66.550000   -3.0201464756479D-07  9.258D-08
   66.600000   -3.0065679288608D-07  9.216D-08
   66.650000   -2.9930606260532D-07  9.175D-08
   66.700000   -2.9796240233868D-07  9.134D-08
   66.750000   -2.9662581208916D-07  9.093D-08
   66.800000   -2.9529612869911D-07  9.052D-08
   66.850000   -2.9397346094527D-07  9.011D-08
   66.900000   -2.9265764566991D-07  8.971D-08
   66.950000   -2.9134873726280D-07  8.931D-08
   67.000000   -2.9004668133993D-07  8.891D-08
   67.050000   -2.8875136913035D-07  8.851D-08
   67.100000   -2.8746280063688D-07  8.812D-08
   67.150000   -2.8618092147540D-07  8.772D-08
   67.200000   -2.8490573164867D-07  8.733D-08
   67.250000   -2.8363712238560D-07  8.694D-08
   67.300000   -2.8237514807581D-07  8.656D-08
   67.350000   -2.8111969994815D-07  8.617D-08
   67.400000   -2.7987077800529D-07  8.579D-08
   67.450000   -2.7862832786292D-07  8.541D-08
   67.500000   -2.7739224074979D-07  8.503D-08
   67.550000   -2.7616262544235D-07  8.465D-08
   67.600000   -2.7493931878234D-07  8.428D-08
   67.650000   -2.7372237515923D-07  8.391D-08
   67.700000   -2.7251168580165D-07  8.353D-08
   67.750000   -2.7130719632513D-07  8.316D-08
   67.800000   -2.7010896111907D-07  8.280D-08
   67.850000   -2.6891687141200D-07  8.243D-08
   67.900000   -2.6773092720633D-07  8.207D-08
   67.950000   -2.6655112850447D-07  8.171D-08
   68.000000   -2.6537731214787D-07  8.135D-08
   68.050000   -2.6420958691282D-07  8.099D-08
   68.100000   -2.6304778964072D-07  8.063D-08
   68.150000   -2.6189197472085D-07  8.028D-08
   68.200000   -2.6074208776849D-07  7.993D-08
   68.250000   -2.5959807439892D-07  7.958D-08
   68.300000   -2.5845993461440D-07  7.923D-08
   68.350000   -2.5732761403013D-07  7.888D-08
   68.400000   -2.5620105826131D-07  7.853D-08
   68.450000   -2.5508021292312D-07  7.819D-08
   68.500000   -2.5396513240470D-07  7.785D-08
   68.550000   -2.5285576232118D-07  7.751D-08
   68.600000   -2.5175199390068D-07  7.717D-08
   68.650000   -2.5065388153227D-07  7.683D-08
   68.700000   -2.4956131644401D-07  7.650D-08
   68.750000   -2.4847429863794D-07  7.617D-08
   68.800000   -2.4739282811610D-07  7.583D-08
   68.850000   -2.4631685049347D-07  7.550D-08
   68.900000   -2.4524631138502D-07  7.518D-08
   68.950000   -2.4418115640570D-07  7.485D-08
   69.000000   -2.4312143994448D-07  7.452D-08
   69.050000   -2.4206710761629D-07  7.420D-08
   69.100000   -2.4101805064895D-07  7.388D-08
   69.150000   -2.3997432343141D-07  7.356D-08
   69.200000   -2.3893587157850D-07  7.324D-08
   69.250000   -2.3790264070505D-07  7.293D-08
   69.300000   -2.3687463081290D-07  7.261D-08
   69.350000   -2.3585184190387D-07  7.230D-08
   69.400000   -2.3483411081862D-07  7.198D-08
   69.450000   -2.3382154633305D-07  7.167D-08
   69.500000   -2.3281409406190D-07  7.137D-08
   69.550000   -2.3181169961983D-07  7.106D-08
   69.600000   -2.3081430862153D-07  7.075D-08
   69.650000   -2.2982192106875D-07  7.045D-08
   69.700000   -2.2883453696318D-07  7.015D-08
   69.750000   -2.2785204753236D-07  6.984D-08
   69.800000   -2.2687450716506D-07  6.954D-08
   69.850000   -2.2590186147586D-07  6.925D-08
   69.900000   -2.2493405607932D-07  6.895D-08
   69.950000   -2.2397109097707D-07  6.865D-08
   70.000000   -2.2301296617075D-07  6.836D-08
   70.050000   -2.2205957288774D-07  6.807D-08
   70.100000   -2.2111096551676D-07  6.778D-08
   70.150000   -2.2016708967227D-07  6.749D-08
   70.200000   -2.1922789096873D-07  6.720D-08
   70.250000   -2.1829336940767D-07  6.691D-08
   70.300000   -2.1736347060351D-07  6.663D-08
   70.350000   -2.1643819455778D-07  6.635D-08
   70.400000   -2.1551754127199D-07  6.606D-08
   70.450000   -2.1460140197336D-07  6.578D-08
   70.500000   -2.1368983105051D-07  6.550D-08
   70.550000   -2.1278277411777D-07  6.523D-08
   70.600000   -2.1188023117660D-07  6.495D-08
   70.650000   -2.1098214784129D-07  6.467D-08
   70.700000   -2.1008846972613D-07  6.440D-08
   70.750000   -2.0919919683253D-07  6.413D-08
   70.800000   -2.0831432916187D-07  6.386D-08
   70.850000   -2.0743386671557D-07  6.359D-08
   70.900000   -2.0655770072068D-07  6.332D-08
   70.950000   -2.0568583117855D-07  6.305D-08
   71.000000   -2.0481831247771D-07  6.278D-08
   71.050000   -2.0395498145800D-07  6.252D-08
   71.100000   -2.0309594689507D-07  6.226D-08
   71.150000   -2.0224110001589D-07  6.199D-08
   71.200000   -2.0139049520896D-07  6.173D-08
   71.250000   -2.0054402370119D-07  6.147D-08
   71.300000   -1.9970168549387D-07  6.122D-08
   71.350000   -1.9886353497544D-07  6.096D-08
   71.400000   -1.9802940898561D-07  6.070D-08
   71.450000   -1.9719941629999D-07  6.045D-08
   71.500000   -1.9637344814545D-07  6.020D-08
   71.550000   -1.9555155891037D-07  5.994D-08
   71.600000   -1.9473363982160D-07  5.969D-08
   71.650000   -1.9391969088033D-07  5.944D-08
   71.700000   -1.9310976647493D-07  5.919D-08
   71.750000   -1.9230375783220D-07  5.895D-08
   71.800000   -1.9150166495328D-07  5.870D-08
   71.850000   -1.9070343345214D-07  5.846D-08
   71.900000   -1.8990917210432D-07  5.821D-08
   71.950000   -1.8911871774934D-07  5.797D-08
   72.000000   -1.8833207038831D-07  5.773D-08
   72.050000   -1.8754928440957D-07  5.749D-08
   72.100000   -1.8677025103977D-07  5.725D-08
   72.150000   -1.8599502466724D-07  5.701D-08
   72.200000   -1.8522355090584D-07  5.678D-08
   72.250000   -1.8445577536940D-07  5.654D-08
   72.300000   -1.8369175244623D-07  5.631D-08
   72.350000   -1.8293137336291D-07  5.607D-08
   72.400000   -1.8217469250773D-07  5.584D-08
   72.450000   -1.8142165549448D-07  5.561D-08
   72.500000   -1.8067226232419D-07  5.538D-08
   72.550000   -1.7992645861064D-07  5.515D-08
   72.600000   -1.7918424435483D-07  5.493D-08
   72.650000   -1.7844561955776D-07  5.470D-08
   72.700000   -1.7771052983317D-07  5.447D-08
   72.750000   -1.7697892079480D-07  5.425D-08
   72.800000   -1.7625090121811D-07  5.403D-08
   72.850000   -1.7552636232957D-07  5.380D-08
   72.900000   -1.7480524974287D-07  5.358D-08
   72.950000   -1.7408761784621D-07  5.336D-08
   73.000000   -1.7337341225327D-07  5.314D-08
   73.050000   -1.7266263296498D-07  5.293D-08
   73.100000   -1.7195527998226D-07  5.271D-08
   73.150000   -1.7125124453149D-07  5.249D-08
   73.200000   -1.7055063538812D-07  5.228D-08
   73.250000   -1.6985328939120D-07  5.207D-08
   73.300000   -1.6915931531619D-07  5.185D-08
   73.350000   -1.6846865877669D-07  5.164D-08
   73.400000   -1.6778126538629D-07  5.143D-08
   73.450000   -1.6709713514586D-07  5.122D-08
   73.500000   -1.6641632244354D-07  5.101D-08
   73.550000   -1.6573866411832D-07  5.080D-08
   73.600000   -1.6506426894560D-07  5.060D-08
   73.650000   -1.6439302815165D-07  5.039D-08
   73.700000   -1.6372499612459D-07  5.019D-08
   73.750000   -1.6306017286525D-07  4.998D-08
   73.800000   -1.6239844959983D-07  4.978D-08
   73.850000   -1.6173982632913D-07  4.958D-08
   73.900000   -1.6108435744125D-07  4.938D-08
   73.950000   -1.6043198854969D-07  4.918D-08
   74.000000   -1.5978271965524D-07  4.898D-08
   74.050000   -1.5913649637136D-07  4.878D-08
   74.100000   -1.5849326431148D-07  4.858D-08
   74.150000   -1.5785313225104D-07  4.839D-08
   74.200000   -1.5721599141613D-07  4.819D-08
   74.250000   -1.5658184180751D-07  4.800D-08
   74.300000   -1.5595068342592D-07  4.780D-08
   74.350000   -1.5532251627212D-07  4.761D-08
   74.400000   -1.5469723157215D-07  4.742D-08
   74.450000   -1.5407493810142D-07  4.723D-08
   74.500000   -1.5345558147332D-07  4.704D-08
   74.550000   -1.5283905291386D-07  4.685D-08
   74.600000   -1.5222546119845D-07  4.666D-08
   74.650000   -1.5161475194045D-07  4.647D-08
   74.700000   -1.5100687075320D-07  4.629D-08
   74.750000   -1.5040187202475D-07  4.610D-08
   74.800000   -1.4979964698107D-07  4.592D-08
   74.850000   -1.4920025001019D-07  4.573D-08
   74.900000   -1.4860368111278D-07  4.555D-08
   74.950000   -1.4800983151480D-07  4.537D-08
   75.000000   -1.4741880999163D-07  4.519D-08
   75.050000   -1.4683050776919D-07  4.501D-08
   75.100000   -1.4624492484813D-07  4.483D-08
   75.150000   -1.4566211561647D-07  4.465D-08
   75.200000   -1.4508197130011D-07  4.447D-08
   75.250000   -1.4450454628704D-07  4.430D-08
   75.300000   -1.4392978619051D-07  4.412D-08
   75.350000   -1.4335769101116D-07  4.394D-08
   75.400000   -1.4278826074960D-07  4.377D-08
   75.450000   -1.4222144101905D-07  4.360D-08
   75.500000   -1.4165728620751D-07  4.342D-08
   75.550000   -1.4109568754081D-07  4.325D-08
   75.600000   -1.4053675379431D-07  4.308D-08
   75.650000   -1.3998032180644D-07  4.291D-08
   75.700000   -1.3942650035257D-07  4.274D-08
   75.750000   -1.3887523504588D-07  4.257D-08
   75.800000   -1.3832652588694D-07  4.240D-08
   75.850000   -1.3778031848894D-07  4.223D-08
   75.900000   -1.3723666723984D-07  4.207D-08
   75.950000   -1.3669546336539D-07  4.190D-08
   76.000000   -1.3615676125355D-07  4.174D-08
   76.050000   -1.3562056090488D-07  4.157D-08
   76.100000   -1.3508680793250D-07  4.141D-08
   76.150000   -1.3455550233698D-07  4.125D-08
   76.200000   -1.3402658973141D-07  4.108D-08
   76.250000   -1.3350017889118D-07  4.092D-08
   76.300000   -1.3297610665455D-07  4.076D-08
   76.350000   -1.3245448179690D-07  4.060D-08
   76.400000   -1.3193524993131D-07  4.044D-08
   76.450000   -1.3141835667088D-07  4.028D-08
   76.500000   -1.3090380201612D-07  4.013D-08
   76.550000   -1.3039164035496D-07  3.997D-08
   76.600000   -1.2988181730048D-07  3.981D-08
   76.650000   -1.2937433285317D-07  3.966D-08
   76.700000   -1.2886913262609D-07  3.950D-08
   76.750000   -1.2836621661973D-07  3.935D-08
   76.800000   -1.2786558483459D-07  3.919D-08
   76.850000   -1.2736729165857D-07  3.904D-08
   76.900000   -1.2687117392983D-07  3.889D-08
   76.950000   -1.2637739481118D-07  3.874D-08
   77.000000   -1.2588579114074D-07  3.859D-08
   77.050000   -1.2539647169388D-07  3.844D-08
   77.100000   -1.2490932769616D-07  3.829D-08
   77.150000   -1.2442441353549D-07  3.814D-08
   77.200000   -1.2394167482487D-07  3.799D-08
   77.250000   -1.2346111156474D-07  3.784D-08
   77.300000   -1.2298277814301D-07  3.770D-08
   77.350000   -1.2250656578522D-07  3.755D-08
   77.400000   -1.2203247449179D-07  3.741D-08
   77.450000   -1.2156055865061D-07  3.726D-08
   77.500000   -1.2109076387466D-07  3.712D-08
   77.550000   -1.2062309016437D-07  3.697D-08
   77.600000   -1.2015753752017D-07  3.683D-08
   77.650000   -1.1969405155499D-07  3.669D-08
   77.700000   -1.1923263226925D-07  3.655D-08
   77.750000   -1.1877333405086D-07  3.641D-08
   77.800000   -1.1831610251273D-07  3.627D-08
   77.850000   -1.1786088326780D-07  3.613D-08
   77.900000   -1.1740773070395D-07  3.599D-08
   77.950000   -1.1695659043410D-07  3.585D-08
   78.000000   -1.1650746245864D-07  3.571D-08
   78.050000   -1.1606040116546D-07  3.558D-08
   78.100000   -1.1561529777998D-07  3.544D-08
   78.150000   -1.1517215230256D-07  3.530D-08
   78.200000   -1.1473101912109D-07  3.517D-08
   78.250000   -1.1429189823596D-07  3.503D-08
   78.300000   -1.1385468087255D-07  3.490D-08
   78.350000   -1.1341942141873D-07  3.477D-08
   78.400000   -1.1298611987487D-07  3.463D-08
   78.450000   -1.1255477624134D-07  3.450D-08
   78.500000   -1.1212528174350D-07  3.437D-08
   78.550000   -1.1169774515673D-07  3.424D-08
   78.600000   -1.1127211209387D-07  3.411D-08
   78.650000   -1.1084832816777D-07  3.398D-08
   78.700000   -1.1042644776629D-07  3.385D-08
   78.750000   -1.1000647088979D-07  3.372D-08
   78.800000   -1.0958834315111D-07  3.359D-08
   78.850000   -1.0917206455058D-07  3.346D-08
   78.900000   -1.0875758070103D-07  3.334D-08
   78.950000   -1.0834500037784D-07  3.321D-08
   79.000000   -1.0793421480630D-07  3.309D-08
   79.050000   -1.0752522398674D-07  3.296D-08
   79.100000   -1.0711808230702D-07  3.284D-08
   79.150000   -1.0671273537995D-07  3.271D-08
   79.200000   -1.0630912881832D-07  3.259D-08
   79.250000   -1.0590737139751D-07  3.246D-08
   79.300000   -1.0550735434279D-07  3.234D-08
   79.350000   -1.0510907765446D-07  3.222D-08
   79.400000   -1.0471254133285D-07  3.210D-08
   79.450000   -1.0431779976579D-07  3.198D-08
   79.500000   -1.0392474417854D-07  3.186D-08
   79.550000   -1.0353348334646D-07  3.174D-08
   79.600000   -1.0314385410725D-07  3.162D-08
   79.650000   -1.0275601962384D-07  3.150D-08
   79.700000   -1.0236981673389D-07  3.138D-08
   79.750000   -1.0198535421278D-07  3.126D-08
   79.800000   -1.0160252328573D-07  3.114D-08
   79.850000   -1.0122143272812D-07  3.103D-08
   79.900000   -1.0084197376515D-07  3.091D-08
   79.950000   -1.0046414639709D-07  3.080D-08
   80.000000   -1.0008800501179D-07  3.068D-08
   80.050000   -9.9713495221969D-08  3.057D-08
   80.100000   -9.9340617027924D-08  3.045D-08
   80.150000   -9.8969370429917D-08  3.034D-08
   80.200000   -9.8599755428241D-08  3.022D-08
   80.250000   -9.8231717635598D-08  3.011D-08
   80.300000   -9.7865311439821D-08  3.000D-08
   80.350000   -9.7500482453622D-08  2.989D-08
   80.400000   -9.7137230677264D-08  2.978D-08
   80.450000   -9.6775556111015D-08  2.966D-08
   80.500000   -9.6415458755135D-08  2.955D-08
   80.550000   -9.6056938609888D-08  2.944D-08
   80.600000   -9.5699995675533D-08  2.934D-08
   80.650000   -9.5344684339910D-08  2.923D-08
   80.700000   -9.4990787052968D-08  2.912D-08
   80.750000   -9.4638412590107D-08  2.901D-08
   80.800000   -9.4287560951579D-08  2.890D-08
   80.850000   -9.3938232137629D-08  2.880D-08
   80.900000   -9.3590426148509D-08  2.869D-08
   80.950000   -9.3244142984467D-08  2.858D-08
   81.000000   -9.2899328258156D-08  2.848D-08
   81.050000   -9.2555981969818D-08  2.837D-08
   81.100000   -9.2214158507283D-08  2.827D-08
   81.150000   -9.1873803483197D-08  2.816D-08
   81.200000   -9.1534862510203D-08  2.806D-08
   81.250000   -9.1197389976126D-08  2.795D-08
   81.300000   -9.0861385881196D-08  2.785D-08
   81.350000   -9.0526850225647D-08  2.775D-08
   81.400000   -9.0193728622108D-08  2.765D-08
   81.450000   -8.9862021070810D-08  2.755D-08
   81.500000   -8.9531781959571D-08  2.744D-08
   81.550000   -8.9202902513416D-08  2.734D-08
   81.600000   -8.8875437120160D-08  2.724D-08
   81.650000   -8.8549440167634D-08  2.714D-08
   81.700000   -8.8224748493237D-08  2.704D-08
   81.750000   -8.7901525260009D-08  2.694D-08
   81.800000   -8.7579607305328D-08  2.685D-08
   81.850000   -8.7259103404633D-08  2.675D-08
   81.900000   -8.6939959170523D-08  2.665D-08
   81.950000   -8.6622174603205D-08  2.655D-08
   82.000000   -8.6305749702888D-08  2.646D-08
   82.050000   -8.5990684469774D-08  2.636D-08
   82.100000   -8.5676924516452D-08  2.626D-08
   82.150000   -8.5364524230745D-08  2.617D-08
   82.200000   -8.5053483612850D-08  2.607D-08
   82.250000   -8.4743748275349D-08  2.598D-08
   82.300000   -8.4435263830818D-08  2.588D-08
   82.350000   -8.4128139054691D-08  2.579D-08
   82.400000   -8.3822319559546D-08  2.569D-08
   82.450000   -8.3517805345573D-08  2.560D-08
   82.500000   -8.3214542025337D-08  2.551D-08
   82.550000   -8.2912583986652D-08  2.542D-08
   82.600000   -8.2611931229718D-08  2.532D-08
   82.650000   -8.2312529367076D-08  2.523D-08
   82.700000   -8.2014378398920D-08  2.514D-08
   82.750000   -8.1717478325429D-08  2.505D-08
   82.800000   -8.1421883534427D-08  2.496D-08
   82.850000   -8.1127485250816D-08  2.487D-08
   82.900000   -8.0834337862418D-08  2.478D-08
   82.950000   -8.0542441369408D-08  2.469D-08
   83.000000   -8.0251741384320D-08  2.460D-08
   83.050000   -7.9962292294978D-08  2.451D-08
   83.100000   -7.9674094101551D-08  2.442D-08
   83.150000   -7.9387038028925D-08  2.433D-08
   83.200000   -7.9101232852562D-08  2.425D-08
   83.250000   -7.8816624184988D-08  2.416D-08
   83.300000   -7.8533157638715D-08  2.407D-08
   83.350000   -7.8250941989217D-08  2.399D-08
   83.400000   -7.7969868461356D-08  2.390D-08
   83.450000   -7.7689991442946D-08  2.381D-08
   83.500000   -7.7411310934159D-08  2.373D-08
   83.550000   -7.7133772547496D-08  2.364D-08
   83.600000   -7.6857376283115D-08  2.356D-08
   83.650000   -7.6582176528842D-08  2.347D-08
   83.700000   -7.6308064509511D-08  2.339D-08
   83.750000   -7.6035149000601D-08  2.331D-08
   83.800000   -7.5763375614609D-08  2.322D-08
   83.850000   -7.5492689964027D-08  2.314D-08
   83.900000   -7.5223146436665D-08  2.306D-08
   83.950000   -7.4954745032686D-08  2.298D-08
   84.000000   -7.4687431364565D-08  2.289D-08
   84.050000   -7.4421259820127D-08  2.281D-08
   84.100000   -7.4156176011855D-08  2.273D-08
   84.150000   -7.3892234327555D-08  2.265D-08
   84.200000   -7.3629325992042D-08  2.257D-08
   84.250000   -7.3367559780803D-08  2.249D-08
   84.300000   -7.3106826918634D-08  2.241D-08
   84.350000   -7.2847181793350D-08  2.233D-08
   84.400000   -7.2588678792777D-08  2.225D-08
   84.450000   -7.2331154754019D-08  2.217D-08
   84.500000   -7.2074772840251D-08  2.209D-08
   84.550000   -7.1819424276258D-08  2.201D-08
   84.600000   -7.1565109062173D-08  2.194D-08
   84.650000   -7.1311827198131D-08  2.186D-08
   84.700000   -7.1059633071955D-08  2.178D-08
   84.750000   -7.0808472296093D-08  2.171D-08
   84.800000   -7.0558344870682D-08  2.163D-08
   84.850000   -7.0309250795851D-08  2.155D-08
   84.900000   -7.0061190071736D-08  2.148D-08
   84.950000   -6.9814108310774D-08  2.140D-08
   85.000000   -6.9568059900783D-08  2.132D-08
   85.050000   -6.9323044841898D-08  2.125D-08
   85.100000   -6.9079008746552D-08  2.117D-08
   85.150000   -6.8836006002564D-08  2.110D-08
   85.200000   -6.8593982222364D-08  2.103D-08
   85.250000   -6.8352937406079D-08  2.095D-08
   85.300000   -6.8112925941534D-08  2.088D-08
   85.350000   -6.7873839053444D-08  2.081D-08
   85.400000   -6.7635785517342D-08  2.073D-08
   85.450000   -6.7398656557938D-08  2.066D-08
   85.500000   -6.7162506563060D-08  2.059D-08
   85.550000   -6.6927335532825D-08  2.052D-08
   85.600000   -6.6693143467351D-08  2.044D-08
   85.650000   -6.6459875979050D-08  2.037D-08
   85.700000   -6.6227533068040D-08  2.030D-08
   85.750000   -6.5996169122142D-08  2.023D-08
   85.800000   -6.5765784141472D-08  2.016D-08
   85.850000   -6.5536269350724D-08  2.009D-08
   85.900000   -6.5307733525435D-08  2.002D-08
   85.950000   -6.5080122278002D-08  1.995D-08
   86.000000   -6.4853435608538D-08  1.988D-08
   86.050000   -6.4627673517154D-08  1.981D-08
   86.100000   -6.4402836003960D-08  1.974D-08
   86.150000   -6.4178868681345D-08  1.967D-08
   86.200000   -6.3955825937138D-08  1.960D-08
   86.250000   -6.3733707771445D-08  1.954D-08
   86.300000   -6.3512459796651D-08  1.947D-08
   86.350000   -6.3292136400586D-08  1.940D-08
   86.400000   -6.3072683195627D-08  1.933D-08
   86.450000   -6.2854154569610D-08  1.927D-08
   86.500000   -6.2636441747182D-08  1.920D-08
   86.550000   -6.2419653503901D-08  1.913D-08
   86.600000   -6.2203735452138D-08  1.907D-08
   86.650000   -6.1988687591997D-08  1.900D-08
   86.700000   -6.1774509923577D-08  1.894D-08
   86.750000   -6.1561202446976D-08  1.887D-08
   86.800000   -6.1348710774567D-08  1.881D-08
   86.850000   -6.1137089294174D-08  1.874D-08
   86.900000   -6.0926338005895D-08  1.868D-08
   86.950000   -6.0716456909832D-08  1.861D-08
   87.000000   -6.0507391618340D-08  1.855D-08
   87.050000   -6.0299142131515D-08  1.848D-08
   87.100000   -6.0091762837192D-08  1.842D-08
   87.150000   -5.9885199347720D-08  1.836D-08
   87.200000   -5.9679451663199D-08  1.829D-08
   87.250000   -5.9474574171458D-08  1.823D-08
   87.300000   -5.9270458097107D-08  1.817D-08
   87.350000   -5.9067212215720D-08  1.811D-08
   87.400000   -5.8864782139647D-08  1.804D-08
   87.450000   -5.8663113481229D-08  1.798D-08
   87.500000   -5.8462260628304D-08  1.792D-08
   87.550000   -5.8262223580957D-08  1.786D-08
   87.600000   -5.8063002339280D-08  1.780D-08
   87.650000   -5.7864542515609D-08  1.774D-08
   87.700000   -5.7666898497777D-08  1.768D-08
   87.750000   -5.7470015898123D-08  1.762D-08
   87.800000   -5.7273949104482D-08  1.756D-08
   87.850000   -5.7078589341432D-08  1.750D-08
   87.900000   -5.6884099772321D-08  1.744D-08
   87.950000   -5.6690317233964D-08  1.738D-08
   88.000000   -5.6497350501959D-08  1.732D-08
   88.050000   -5.6305145188630D-08  1.726D-08
   88.100000   -5.6113646906298D-08  1.720D-08
   88.150000   -5.5922964430565D-08  1.714D-08
   88.200000   -5.5733043373750D-08  1.708D-08
   88.250000   -5.5543829348173D-08  1.703D-08
   88.300000   -5.5355376741668D-08  1.697D-08
   88.350000   -5.5167685554323D-08  1.691D-08
   88.400000   -5.4980755786211D-08  1.685D-08
   88.450000   -5.4794533049646D-08  1.680D-08
   88.500000   -5.4609017344702D-08  1.674D-08
   88.550000   -5.4424263059224D-08  1.668D-08
   88.600000   -5.4240270193287D-08  1.663D-08
   88.650000   -5.4056984359200D-08  1.657D-08
   88.700000   -5.3874405557033D-08  1.651D-08
   88.750000   -5.3692533786862D-08  1.646D-08
   88.800000   -5.3511423436533D-08  1.640D-08
   88.850000   -5.3330965730571D-08  1.635D-08
   88.900000   -5.3151269444599D-08  1.629D-08
   88.950000   -5.2972280190913D-08  1.624D-08
   89.000000   -5.2793943581807D-08  1.618D-08
   89.050000   -5.2616368392906D-08  1.613D-08
   89.100000   -5.2439445848728D-08  1.607D-08
   89.150000   -5.2263230337118D-08  1.602D-08
   89.200000   -5.2087667470365D-08  1.597D-08
   89.250000   -5.1912866024100D-08  1.591D-08
   89.300000   -5.1738717222829D-08  1.586D-08
   89.350000   -5.1565221066620D-08  1.581D-08
   89.400000   -5.1392431943322D-08  1.575D-08
   89.450000   -5.1220295465217D-08  1.570D-08
   89.500000   -5.1048866020161D-08  1.565D-08
   89.550000   -5.0878089220426D-08  1.560D-08
   89.600000   -5.0707965066087D-08  1.554D-08
   89.650000   -5.0538547944989D-08  1.549D-08
   89.700000   -5.0369729081622D-08  1.544D-08
   89.750000   -5.0201617251631D-08  1.539D-08
   89.800000   -5.0034103679493D-08  1.534D-08
   89.850000   -4.9867297140859D-08  1.529D-08
   89.900000   -4.9701143247997D-08  1.523D-08
   89.950000   -4.9535587613175D-08  1.518D-08
   90.000000   -4.9370684624251D-08  1.513D-08
   90.050000   -4.9206434281284D-08  1.508D-08
   90.100000   -4.9042836584339D-08  1.503D-08
   90.150000   -4.8879837145674D-08  1.498D-08
   90.200000   -4.8717544740948D-08  1.493D-08
   90.250000   -4.8555796206824D-08  1.488D-08
   90.300000   -4.8394700318958D-08  1.483D-08
   90.350000   -4.8234257077413D-08  1.479D-08
   90.400000   -4.8074412094442D-08  1.474D-08
   90.450000   -4.7915165370104D-08  1.469D-08
   90.500000   -4.7756571292259D-08  1.464D-08
   90.550000   -4.7598521085358D-08  1.459D-08
   90.600000   -4.7441177912869D-08  1.454D-08
   90.650000   -4.7284378611434D-08  1.449D-08
   90.700000   -4.7128177568913D-08  1.445D-08
   90.750000   -4.6972629173171D-08  1.440D-08
   90.800000   -4.6817624648645D-08  1.435D-08
   90.850000   -4.6663218383198D-08  1.430D-08
   90.900000   -4.6509464764695D-08  1.426D-08
   90.950000   -4.6356255017569D-08  1.421D-08
   91.000000   -4.6203643529685D-08  1.416D-08
   91.050000   -4.6051630301094D-08  1.412D-08
   91.100000   -4.5900160944036D-08  1.407D-08
   91.150000   -4.5749289846381D-08  1.402D-08
   91.200000   -4.5599017008175D-08  1.398D-08
   91.250000   -4.5449288041658D-08  1.393D-08
   91.300000   -4.5300157334694D-08  1.389D-08
   91.350000   -4.5151624887340D-08  1.384D-08
   91.400000   -4.5003636311825D-08  1.380D-08
   91.450000   -4.4856191608199D-08  1.375D-08
   91.500000   -4.4709290776509D-08  1.370D-08
   91.550000   -4.4562988204626D-08  1.366D-08
   91.600000   -4.4417229504781D-08  1.362D-08
   91.650000   -4.4272069064844D-08  1.357D-08
   91.700000   -4.4127398109216D-08  1.353D-08
   91.750000   -4.3983325413590D-08  1.348D-08
   91.800000   -4.3839796590197D-08  1.344D-08
   91.850000   -4.3696811639077D-08  1.339D-08
   91.900000   -4.3554370560278D-08  1.335D-08
   91.950000   -4.3412418966024D-08  1.331D-08
   92.000000   -4.3271065632011D-08  1.326D-08
   92.050000   -4.3130256170461D-08  1.322D-08
   92.100000   -4.2989936193588D-08  1.318D-08
   92.150000   -4.2850160089269D-08  1.313D-08
   92.200000   -4.2710927857547D-08  1.309D-08
   92.250000   -4.2572239498467D-08  1.305D-08
   92.300000   -4.2434040624243D-08  1.301D-08
   92.350000   -4.2296385622752D-08  1.297D-08
   92.400000   -4.2159220106201D-08  1.292D-08
   92.450000   -4.2022598462471D-08  1.288D-08
   92.500000   -4.1886520691604D-08  1.284D-08
   92.550000   -4.1750932405807D-08  1.280D-08
   92.600000   -4.1615833605124D-08  1.276D-08
   92.650000   -4.1481278677432D-08  1.272D-08
   92.700000   -4.1347213234937D-08  1.267D-08
   92.750000   -4.1213637277679D-08  1.263D-08
   92.800000   -4.1080605193540D-08  1.259D-08
   92.850000   -4.0948062594720D-08  1.255D-08
   92.900000   -4.0816009481262D-08  1.251D-08
   92.950000   -4.0684445853203D-08  1.247D-08
   93.000000   -4.0553371710587D-08  1.243D-08
   93.050000   -4.0422787053449D-08  1.239D-08
   93.100000   -4.0292746269679D-08  1.235D-08
   93.150000   -4.0163140583621D-08  1.231D-08
   93.200000   -4.0034024383163D-08  1.227D-08
   93.250000   -3.9905397668344D-08  1.223D-08
   93.300000   -3.9777260439199D-08  1.219D-08
   93.350000   -3.9649612695770D-08  1.215D-08
   93.400000   -3.9522400050245D-08  1.211D-08
   93.450000   -3.9395731278362D-08  1.208D-08
   93.500000   -3.9269497604457D-08  1.204D-08
   93.550000   -3.9143699028566D-08  1.200D-08
   93.600000   -3.9018444326433D-08  1.196D-08
   93.650000   -3.8893624722386D-08  1.192D-08
   93.700000   -3.8769240216464D-08  1.188D-08
   93.750000   -3.8645345196554D-08  1.185D-08
   93.800000   -3.8521885274840D-08  1.181D-08
   93.850000   -3.8398914839212D-08  1.177D-08
   93.900000   -3.8276433889708D-08  1.173D-08
   93.950000   -3.8154333650645D-08  1.170D-08
   94.000000   -3.8032777285637D-08  1.166D-08
   94.050000   -3.7911601631138D-08  1.162D-08
   94.100000   -3.7790915462904D-08  1.158D-08
   94.150000   -3.7670610005248D-08  1.155D-08
   94.200000   -3.7550848421786D-08  1.151D-08
   94.250000   -3.7431467548969D-08  1.147D-08
   94.300000   -3.7312521774692D-08  1.144D-08
   94.350000   -3.7194065486849D-08  1.140D-08
   94.400000   -3.7075989909749D-08  1.136D-08
   94.450000   -3.6958403819153D-08  1.133D-08
   94.500000   -3.6841198439361D-08  1.129D-08
   94.550000   -3.6724482546141D-08  1.126D-08
   94.600000   -3.6608201751659D-08  1.122D-08
   94.650000   -3.6492301668075D-08  1.119D-08
   94.700000   -3.6376836683291D-08  1.115D-08
   94.750000   -3.6261806797340D-08  1.112D-08
   94.800000   -3.6147212010252D-08  1.108D-08
   94.850000   -3.6033052322059D-08  1.105D-08
   94.900000   -3.5919273344920D-08  1.101D-08
   94.950000   -3.5805929466739D-08  1.098D-08
   95.000000   -3.5693020687545D-08  1.094D-08
   95.050000   -3.5580492619495D-08  1.091D-08
   95.100000   -3.5468399650494D-08  1.087D-08
   95.150000   -3.5356741780571D-08  1.084D-08
   95.200000   -3.5245464621882D-08  1.080D-08
   95.250000   -3.5134622562332D-08  1.077D-08
   95.300000   -3.5024161214073D-08  1.074D-08
   95.350000   -3.4914080577136D-08  1.070D-08
   95.400000   -3.4804435039423D-08  1.067D-08
   95.450000   -3.4695224600967D-08  1.064D-08
   95.500000   -3.4586340486039D-08  1.060D-08
   95.550000   -3.4477891470422D-08  1.057D-08
   95.600000   -3.4369877554149D-08  1.054D-08
   95.650000   -3.4262189961484D-08  1.050D-08
   95.700000   -3.4154937468217D-08  1.047D-08
   95.750000   -3.4048065686496D-08  1.044D-08
   95.800000   -3.3941574616344D-08  1.040D-08
   95.850000   -3.3835464257793D-08  1.037D-08
   95.900000   -3.3729788998751D-08  1.034D-08
   95.950000   -3.3624440063478D-08  1.031D-08
   96.000000   -3.3519526227768D-08  1.027D-08
   96.050000   -3.3414938715878D-08  1.024D-08
   96.100000   -3.3310786303606D-08  1.021D-08
   96.150000   -3.3206960215205D-08  1.018D-08
   96.200000   -3.3103569226475D-08  1.015D-08
   96.250000   -3.3000504561667D-08  1.012D-08
   96.300000   -3.2897820608692D-08  1.008D-08
   96.350000   -3.2795517367579D-08  1.005D-08
   96.400000   -3.2693594838353D-08  1.002D-08
   96.450000   -3.2592053021037D-08  9.990D-09
   96.500000   -3.2490837527765D-08  9.959D-09
   96.550000   -3.2390057134349D-08  9.929D-09
   96.600000   -3.2289603065024D-08  9.898D-09
   96.650000   -3.2189475319817D-08  9.867D-09
   96.700000   -3.2089728286643D-08  9.837D-09
   96.750000   -3.1990361965530D-08  9.806D-09
   96.800000   -3.1891376356499D-08  9.776D-09
   96.850000   -3.1792717071681D-08  9.745D-09
   96.900000   -3.1694384111096D-08  9.715D-09
   96.950000   -3.1596431862666D-08  9.685D-09
   97.000000   -3.1498860326415D-08  9.655D-09
   97.050000   -3.1401615114466D-08  9.626D-09
   97.100000   -3.1304696226844D-08  9.596D-09
   97.150000   -3.1208158051469D-08  9.566D-09
   97.200000   -3.1112000588367D-08  9.537D-09
   97.250000   -3.1016115061757D-08  9.507D-09
   97.300000   -3.0920610247464D-08  9.478D-09
   97.350000   -3.0825431757608D-08  9.449D-09
   97.400000   -3.0730633980114D-08  9.420D-09
   97.450000   -3.0636162527102D-08  9.391D-09
   97.500000   -3.0542017398591D-08  9.362D-09
   97.550000   -3.0448198594606D-08  9.333D-09
   97.600000   -3.0354706115165D-08  9.305D-09
   97.650000   -3.0261594348199D-08  9.276D-09
   97.700000   -3.0168808905819D-08  9.248D-09
   97.750000   -3.0076295400141D-08  9.219D-09
   97.800000   -2.9984162606999D-08  9.191D-09
   97.850000   -2.9892356138509D-08  9.163D-09
   97.900000   -2.9800875994689D-08  9.135D-09
   97.950000   -2.9709722175561D-08  9.107D-09
   98.000000   -2.9618894681146D-08  9.079D-09
   98.050000   -2.9528393511462D-08  9.051D-09
   98.100000   -2.9438218666531D-08  9.024D-09
   98.150000   -2.9348315758461D-08  8.996D-09
   98.200000   -2.9258793563095D-08  8.969D-09
   98.250000   -2.9169543304628D-08  8.941D-09
   98.300000   -2.9080673758906D-08  8.914D-09
   98.350000   -2.8992076150121D-08  8.887D-09
   98.400000   -2.8903804866207D-08  8.860D-09
   98.450000   -2.8815805519268D-08  8.833D-09
   98.500000   -2.8728186885153D-08  8.806D-09
   98.550000   -2.8640840188051D-08  8.779D-09
   98.600000   -2.8553819815897D-08  8.753D-09
   98.650000   -2.8467071380791D-08  8.726D-09
   98.700000   -2.8380649270668D-08  8.700D-09
   98.750000   -2.8294553485551D-08  8.673D-09
   98.800000   -2.8208729637535D-08  8.647D-09
   98.850000   -2.8123232114560D-08  8.621D-09
   98.900000   -2.8038060916644D-08  8.595D-09
   98.950000   -2.7953161655885D-08  8.569D-09
   99.000000   -2.7868534332299D-08  8.543D-09
   99.050000   -2.7784233333826D-08  8.517D-09
   99.100000   -2.7700258660485D-08  8.491D-09
   99.150000   -2.7616501536446D-08  8.465D-09
   99.200000   -2.7533125125497D-08  8.440D-09
   99.250000   -2.7450020651809D-08  8.414D-09
   99.300000   -2.7367188115398D-08  8.389D-09
   99.350000   -2.7284627516279D-08  8.364D-09
   99.400000   -2.7202393242397D-08  8.338D-09
   99.450000   -2.7120430905843D-08  8.313D-09
   99.500000   -2.7038794894559D-08  8.288D-09
