
variables = "r", "tB(r)", "Uncertainty"
zone T = "State 1 qB(r)  5412rref2_74RRRfulls"

    0.600000   -3.9762955668465D-02  6.451D-03
    0.650000   -3.6654863182472D-02  5.958D-03
    0.700000   -3.3087291044453D-02  5.390D-03
    0.750000   -2.9150346402188D-02  4.761D-03
    0.800000   -2.4978780495253D-02  4.089D-03
    0.850000   -2.0742818789582D-02  3.402D-03
    0.900000   -1.6631049144831D-02  2.729D-03
    0.950000   -1.2827295876638D-02  2.100D-03
    1.000000   -9.4855921880880D-03  1.542D-03
    1.050000   -6.7087757103433D-03  1.072D-03
    1.100000   -4.5360746290342D-03  6.995D-04
    1.150000   -2.9430140635810D-03  4.239D-04
    1.200000   -1.8535439571496D-03  2.348D-04
    1.250000   -1.1606955826429D-03  1.163D-04
    1.300000   -7.4975765111399D-04  5.035D-05
    1.350000   -5.1785862141604D-04  2.065D-05
    1.400000   -3.8586821472441D-04  1.280D-05
    1.450000   -3.0165036577367D-04  1.086D-05
    1.500000   -2.3650876387895D-04  8.597D-06
    1.550000   -1.7813587167568D-04  6.072D-06
    1.600000   -1.2328273108120D-04  3.704D-06
    1.650000   -7.2212314806936D-05  1.764D-06
    1.700000   -2.5579120480128D-05  4.494D-07
    1.750000    1.6675160886798D-05  1.734D-07
    1.800000    5.5262039308037D-05  2.844D-07
    1.850000    9.1108396489835D-05  6.077D-07
    1.900000    1.2501206929145D-04  1.347D-06
    1.950000    1.5753937886409D-04  2.225D-06
    2.000000    1.8910837076426D-04  3.109D-06
    2.050000    2.2013279503521D-04  3.938D-06
    2.100000    2.5112481115359D-04  4.678D-06
    2.150000    2.8271205195289D-04  5.311D-06
    2.200000    3.1557625263225D-04  5.823D-06
    2.250000    3.5034874308515D-04  6.207D-06
    2.300000    3.8750291379421D-04  6.463D-06
    2.350000    4.2727378827384D-04  6.602D-06
    2.400000    4.6961953336028D-04  6.641D-06
    2.450000    5.1422583933350D-04  6.600D-06
    2.500000    5.6054480814202D-04  6.500D-06
    2.550000    6.0785576113110D-04  6.361D-06
    2.600000    6.5533515605038D-04  6.200D-06
    2.650000    7.0212503090333D-04  6.033D-06
    2.700000    7.4739265130899D-04  5.872D-06
    2.750000    7.9037731833202D-04  5.729D-06
    2.800000    8.3042302372834D-04  5.615D-06
    2.850000    8.6699759864106D-04  5.538D-06
    2.900000    8.9970019881983D-04  5.502D-06
    2.950000    9.2825953391868D-04  5.510D-06
    3.000000    9.5252535173038D-04  5.559D-06
    3.050000    9.7245549578195D-04  5.645D-06
    3.100000    9.8810050268480D-04  5.760D-06
    3.150000    9.9958729379077D-04  5.897D-06
    3.200000    1.0071031096874D-03  6.047D-06
    3.250000    1.0108804737589D-03  6.201D-06
    3.300000    1.0111836699981D-03  6.353D-06
    3.350000    1.0082969844821D-03  6.497D-06
    3.400000    1.0025147852893D-03  6.629D-06
    3.450000    9.9413339384226D-04  6.745D-06
    3.500000    9.8344462188509D-04  6.843D-06
    3.550000    9.7073080285517D-04  6.922D-06
    3.600000    9.5626112558496D-04  6.981D-06
    3.650000    9.4028907476808D-04  7.020D-06
    3.700000    9.2305079060854D-04  7.040D-06
    3.750000    9.0476417507110D-04  7.042D-06
    3.800000    8.8562859087390D-04  7.026D-06
    3.850000    8.6582501948894D-04  6.994D-06
    3.900000    8.4551656437869D-04  6.948D-06
    3.950000    8.2484920451246D-04  6.888D-06
    4.000000    8.0395272030960D-04  6.815D-06
    4.050000    7.8294172928277D-04  6.732D-06
    4.100000    7.6191678174021D-04  6.640D-06
    4.150000    7.4096547801881D-04  6.539D-06
    4.200000    7.2016357800479D-04  6.432D-06
    4.250000    6.9957608134295D-04  6.318D-06
    4.300000    6.7925826294005D-04  6.200D-06
    4.350000    6.5925665333468D-04  6.077D-06
    4.400000    6.3960995742410D-04  5.952D-06
    4.450000    6.2034990808182D-04  5.824D-06
    4.500000    6.0150205352125D-04  5.694D-06
    4.550000    5.8308647899427D-04  5.564D-06
    4.600000    5.6511846467383D-04  5.433D-06
    4.650000    5.4760908245222D-04  5.302D-06
    4.700000    5.3056573497286D-04  5.171D-06
    4.750000    5.1399264056852D-04  5.042D-06
    4.800000    4.9789126795809D-04  4.913D-06
    4.850000    4.8226072459960D-04  4.786D-06
    4.900000    4.6709810254610D-04  4.661D-06
    4.950000    4.5239878552883D-04  4.537D-06
    5.000000    4.3815672082281D-04  4.416D-06
    5.050000    4.2436465924882D-04  4.297D-06
    5.100000    4.1101436644696D-04  4.180D-06
    5.150000    3.9809680832958D-04  4.065D-06
    5.200000    3.8560231339302D-04  3.953D-06
    5.250000    3.7352071434401D-04  3.844D-06
    5.300000    3.6184147128041D-04  3.737D-06
    5.350000    3.5055377846087D-04  3.633D-06
    5.400000    3.3964665650508D-04  3.532D-06
    5.450000    3.2910903168598D-04  3.433D-06
    5.500000    3.1892980380901D-04  3.337D-06
    5.550000    3.0909790401978D-04  3.243D-06
    5.600000    2.9960234374168D-04  3.152D-06
    5.650000    2.9043225581662D-04  3.063D-06
    5.700000    2.8157692880623D-04  2.977D-06
    5.750000    2.7302583530590D-04  2.894D-06
    5.800000    2.6476865502892D-04  2.813D-06
    5.850000    2.5679529333313D-04  2.734D-06
    5.900000    2.4909589578547D-04  2.657D-06
    5.950000    2.4166085929176D-04  2.583D-06
    6.000000    2.3448084025705D-04  2.511D-06
    6.050000    2.2754676018770D-04  2.441D-06
    6.100000    2.2084980909707D-04  2.374D-06
    6.150000    2.1438144703349D-04  2.308D-06
    6.200000    2.0813340401048D-04  2.244D-06
    6.250000    2.0209767858462D-04  2.183D-06
    6.300000    1.9626653529648D-04  2.123D-06
    6.350000    1.9063250116266D-04  2.065D-06
    6.400000    1.8518836138323D-04  2.009D-06
    6.450000    1.7992715440776D-04  1.954D-06
    6.500000    1.7484216648461D-04  1.901D-06
    6.550000    1.6992692580135D-04  1.850D-06
    6.600000    1.6517519631003D-04  1.801D-06
    6.650000    1.6058097131807D-04  1.752D-06
    6.700000    1.5613846691422D-04  1.706D-06
    6.750000    1.5184211528937D-04  1.661D-06
    6.800000    1.4768655800318D-04  1.617D-06
    6.850000    1.4366663923974D-04  1.574D-06
    6.900000    1.3977739908928D-04  1.533D-06
    6.950000    1.3601406688649D-04  1.493D-06
    7.000000    1.3237205463145D-04  1.455D-06
    7.050000    1.2884695051445D-04  1.417D-06
    7.100000    1.2543451256218D-04  1.381D-06
    7.150000    1.2213066241944D-04  1.345D-06
    7.200000    1.1893147927755D-04  1.311D-06
    7.250000    1.1583319395816D-04  1.278D-06
    7.300000    1.1283218315903D-04  1.246D-06
    7.350000    1.0992496386631D-04  1.214D-06
    7.400000    1.0710818793641D-04  1.184D-06
    7.450000    1.0437863684924D-04  1.155D-06
    7.500000    1.0173321663307D-04  1.126D-06
    7.550000    9.9168952960743D-05  1.098D-06
    7.600000    9.6682986415782D-05  1.071D-06
    7.650000    9.4272567926465D-05  1.045D-06
    7.700000    9.1935054365182D-05  1.020D-06
    7.750000    8.9667904310071D-05  9.952D-07
    7.800000    8.7468673965455D-05  9.713D-07
    7.850000    8.5335013237353D-05  9.481D-07
    7.900000    8.3264661960033D-05  9.255D-07
    7.950000    8.1255446269481D-05  9.036D-07
    8.000000    7.9305275119474D-05  8.823D-07
    8.050000    7.7412136935870D-05  8.616D-07
    8.100000    7.5574096404711D-05  8.415D-07
    8.150000    7.3789291389668D-05  8.219D-07
    8.200000    7.2055929974415D-05  8.029D-07
    8.250000    7.0372287625519D-05  7.845D-07
    8.300000    6.8736704471517D-05  7.665D-07
    8.350000    6.7147582693859D-05  7.491D-07
    8.400000    6.5603384025550D-05  7.321D-07
    8.450000    6.4102627353359D-05  7.156D-07
    8.500000    6.2643886419584D-05  6.995D-07
    8.550000    6.1225787619452D-05  6.839D-07
    8.600000    5.9847007890358D-05  6.687D-07
    8.650000    5.8506272689252D-05  6.539D-07
    8.700000    5.7202354054602D-05  6.396D-07
    8.750000    5.5934068749439D-05  6.256D-07
    8.800000    5.4700276482205D-05  6.119D-07
    8.850000    5.3499878202103D-05  5.987D-07
    8.900000    5.2331814465894D-05  5.857D-07
    8.950000    5.1195063873102D-05  5.732D-07
    9.000000    5.0088641566766D-05  5.609D-07
    9.050000    4.9011597796962D-05  5.490D-07
    9.100000    4.7963016544396D-05  5.374D-07
    9.150000    4.6942014201559D-05  5.260D-07
    9.200000    4.5947738308929D-05  5.150D-07
    9.250000    4.4979366343901D-05  5.043D-07
    9.300000    4.4036104560146D-05  4.938D-07
    9.350000    4.3117186875262D-05  4.836D-07
    9.400000    4.2221873804618D-05  4.736D-07
    9.450000    4.1349451439391D-05  4.639D-07
    9.500000    4.0499230466924D-05  4.545D-07
    9.550000    3.9670545231516D-05  4.453D-07
    9.600000    3.8862752833988D-05  4.363D-07
    9.650000    3.8075232268232D-05  4.275D-07
    9.700000    3.7307383593264D-05  4.190D-07
    9.750000    3.6558627139164D-05  4.106D-07
    9.800000    3.5828402745483D-05  4.025D-07
    9.850000    3.5116169030701D-05  3.945D-07
    9.900000    3.4421402691385D-05  3.868D-07
    9.950000    3.3743597829816D-05  3.792D-07
   10.000000    3.3082265308781D-05  3.719D-07
   10.050000    3.2436932132460D-05  3.647D-07
   10.100000    3.1807140852188D-05  3.576D-07
   10.150000    3.1192448996116D-05  3.508D-07
   10.200000    3.0592428521679D-05  3.441D-07
   10.250000    3.0006665289936D-05  3.375D-07
   10.300000    2.9434758560836D-05  3.311D-07
   10.350000    2.8876320508528D-05  3.249D-07
   10.400000    2.8330975755851D-05  3.188D-07
   10.450000    2.7798360927187D-05  3.128D-07
   10.500000    2.7278124218927D-05  3.070D-07
   10.550000    2.6769924986778D-05  3.013D-07
   10.600000    2.6273433349212D-05  2.958D-07
   10.650000    2.5788329806378D-05  2.903D-07
   10.700000    2.5314304873831D-05  2.850D-07
   10.750000    2.4851058730450D-05  2.798D-07
   10.800000    2.4398300879958D-05  2.748D-07
   10.850000    2.3955749825487D-05  2.698D-07
   10.900000    2.3523132756615D-05  2.650D-07
   10.950000    2.3100185248397D-05  2.602D-07
   11.000000    2.2686650971871D-05  2.556D-07
   11.050000    2.2282281415558D-05  2.510D-07
   11.100000    2.1886835617546D-05  2.466D-07
   11.150000    2.1500079907655D-05  2.423D-07
   11.200000    2.1121787659345D-05  2.380D-07
   11.250000    2.0751739050911D-05  2.339D-07
   11.300000    2.0389720835625D-05  2.298D-07
   11.350000    2.0035526120438D-05  2.258D-07
   11.400000    1.9688954152917D-05  2.220D-07
   11.450000    1.9349810116051D-05  2.181D-07
   11.500000    1.9017904930663D-05  2.144D-07
   11.550000    1.8693055065062D-05  2.108D-07
   11.600000    1.8375082351696D-05  2.072D-07
   11.650000    1.8063813810488D-05  2.037D-07
   11.700000    1.7759081478629D-05  2.003D-07
   11.750000    1.7460722246531D-05  1.969D-07
   11.800000    1.7168577699716D-05  1.936D-07
   11.850000    1.6882493966421D-05  1.904D-07
   11.900000    1.6602321570675D-05  1.873D-07
   11.950000    1.6327915290628D-05  1.842D-07
   12.000000    1.6059134021944D-05  1.812D-07
   12.050000    1.5795840646069D-05  1.782D-07
   12.100000    1.5537901903138D-05  1.753D-07
   12.150000    1.5285188269413D-05  1.725D-07
   12.200000    1.5037573839003D-05  1.697D-07
   12.250000    1.4794936209756D-05  1.670D-07
   12.300000    1.4557156373140D-05  1.643D-07
   12.350000    1.4324118607961D-05  1.617D-07
   12.400000    1.4095710377776D-05  1.591D-07
   12.450000    1.3871822231855D-05  1.566D-07
   12.500000    1.3652347709575D-05  1.541D-07
   12.550000    1.3437183248084D-05  1.517D-07
   12.600000    1.3226228093144D-05  1.493D-07
   12.650000    1.3019384213023D-05  1.470D-07
   12.700000    1.2816556215310D-05  1.447D-07
   12.750000    1.2617651266559D-05  1.425D-07
   12.800000    1.2422579014652D-05  1.403D-07
   12.850000    1.2231251513779D-05  1.381D-07
   12.900000    1.2043583151945D-05  1.360D-07
   12.950000    1.1859490580889D-05  1.339D-07
   13.000000    1.1678892648361D-05  1.319D-07
   13.050000    1.1501710332646D-05  1.299D-07
   13.100000    1.1327866679255D-05  1.279D-07
   13.150000    1.1157286739712D-05  1.260D-07
   13.200000    1.0989897512363D-05  1.241D-07
   13.250000    1.0825627885112D-05  1.223D-07
   13.300000    1.0664408580057D-05  1.205D-07
   13.350000    1.0506172099908D-05  1.187D-07
   13.400000    1.0350852676158D-05  1.169D-07
   13.450000    1.0198386218936D-05  1.152D-07
   13.500000    1.0048710268468D-05  1.135D-07
   13.550000    9.9017639481217D-06  1.119D-07
   13.600000    9.7574879189302D-06  1.102D-07
   13.650000    9.6158243355991D-06  1.086D-07
   13.700000    9.4767168038912D-06  1.071D-07
   13.750000    9.3401103393810D-06  1.055D-07
   13.800000    9.2059513275134D-06  1.040D-07
   13.850000    9.0741874849162D-06  1.025D-07
   13.900000    8.9447678219370D-06  1.011D-07
   13.950000    8.8176426063548D-06  9.963D-08
   14.000000    8.6927633282214D-06  9.823D-08
   14.050000    8.5700826658065D-06  9.684D-08
   14.100000    8.4495544525914D-06  9.548D-08
   14.150000    8.3311336452942D-06  9.415D-08
   14.200000    8.2147762928732D-06  9.283D-08
   14.250000    8.1004395064918D-06  9.154D-08
   14.300000    7.9880814303993D-06  9.028D-08
   14.350000    7.8776612137032D-06  8.903D-08
   14.400000    7.7691389830053D-06  8.781D-08
   14.450000    7.6624758158684D-06  8.660D-08
   14.500000    7.5576337150804D-06  8.542D-08
   14.550000    7.4545755836980D-06  8.426D-08
   14.600000    7.3532652008500D-06  8.311D-08
   14.650000    7.2536671982567D-06  8.199D-08
   14.700000    7.1557470374545D-06  8.088D-08
   14.750000    7.0594709876983D-06  7.980D-08
   14.800000    6.9648061045278D-06  7.873D-08
   14.850000    6.8717202089580D-06  7.768D-08
   14.900000    6.7801818672881D-06  7.664D-08
   14.950000    6.6901603715139D-06  7.563D-08
   15.000000    6.6016257203058D-06  7.463D-08
   15.050000    6.5145486005371D-06  7.365D-08
   15.100000    6.4289003693741D-06  7.268D-08
   15.150000    6.3446530368613D-06  7.173D-08
   15.200000    6.2617792490263D-06  7.079D-08
   15.250000    6.1802522714748D-06  6.987D-08
   15.300000    6.1000459734466D-06  6.897D-08
   15.350000    6.0211348123391D-06  6.808D-08
   15.400000    5.9434938186767D-06  6.720D-08
   15.450000    5.8670985814962D-06  6.634D-08
   15.500000    5.7919252341611D-06  6.549D-08
   15.550000    5.7179504405785D-06  6.465D-08
   15.600000    5.6451513817929D-06  6.383D-08
   15.650000    5.5735057429738D-06  6.302D-08
   15.700000    5.5029917007592D-06  6.222D-08
   15.750000    5.4335879109617D-06  6.144D-08
   15.800000    5.3652734966085D-06  6.067D-08
   15.850000    5.2980280363305D-06  5.991D-08
   15.900000    5.2318315530520D-06  5.916D-08
   15.950000    5.1666645030178D-06  5.843D-08
   16.000000    5.1025077651104D-06  5.770D-08
   16.050000    5.0393426304518D-06  5.699D-08
   16.100000    4.9771507923164D-06  5.628D-08
   16.150000    4.9159143363046D-06  5.559D-08
   16.200000    4.8556157307817D-06  5.491D-08
   16.250000    4.7962378175830D-06  5.424D-08
   16.300000    4.7377638029757D-06  5.358D-08
   16.350000    4.6801772488530D-06  5.293D-08
   16.400000    4.6234620641798D-06  5.229D-08
   16.450000    4.5676024966621D-06  5.166D-08
   16.500000    4.5125831246302D-06  5.104D-08
   16.550000    4.4583888491665D-06  5.042D-08
   16.600000    4.4050048864086D-06  4.982D-08
   16.650000    4.3524167600869D-06  4.923D-08
   16.700000    4.3006102942439D-06  4.864D-08
   16.750000    4.2495716061466D-06  4.806D-08
   16.800000    4.1992870993997D-06  4.750D-08
   16.850000    4.1497434572205D-06  4.694D-08
   16.900000    4.1009276359007D-06  4.638D-08
   16.950000    4.0528268584458D-06  4.584D-08
   17.000000    4.0054286083679D-06  4.531D-08
   17.050000    3.9587206236429D-06  4.478D-08
   17.100000    3.9126908908287D-06  4.426D-08
   17.150000    3.8673276393373D-06  4.374D-08
   17.200000    3.8226193358509D-06  4.324D-08
   17.250000    3.7785546788693D-06  4.274D-08
   17.300000    3.7351225934310D-06  4.225D-08
   17.350000    3.6923122259289D-06  4.177D-08
   17.400000    3.6501129390906D-06  4.129D-08
   17.450000    3.6085143070627D-06  4.082D-08
   17.500000    3.5675061106416D-06  4.036D-08
   17.550000    3.5270783326033D-06  3.990D-08
   17.600000    3.4872211531728D-06  3.945D-08
   17.650000    3.4479249455863D-06  3.900D-08
   17.700000    3.4091802717793D-06  3.857D-08
   17.750000    3.3709778781783D-06  3.813D-08
   17.800000    3.3333086915973D-06  3.771D-08
   17.850000    3.2961638152419D-06  3.729D-08
   17.900000    3.2595345247947D-06  3.687D-08
   17.950000    3.2234122646245D-06  3.647D-08
   18.000000    3.1877886440658D-06  3.606D-08
   18.050000    3.1526554338027D-06  3.567D-08
   18.100000    3.1180045623397D-06  3.527D-08
   18.150000    3.0838281125533D-06  3.489D-08
   18.200000    3.0501183183338D-06  3.451D-08
   18.250000    3.0168675613137D-06  3.413D-08
   18.300000    2.9840683676554D-06  3.376D-08
   18.350000    2.9517134049424D-06  3.339D-08
   18.400000    2.9197954791296D-06  3.303D-08
   18.450000    2.8883075315689D-06  3.268D-08
   18.500000    2.8572426361177D-06  3.233D-08
   18.550000    2.8265939962948D-06  3.198D-08
   18.600000    2.7963549425273D-06  3.164D-08
   18.650000    2.7665189294491D-06  3.130D-08
   18.700000    2.7370795332677D-06  3.097D-08
   18.750000    2.7080304492012D-06  3.064D-08
   18.800000    2.6793654889551D-06  3.031D-08
   18.850000    2.6510785782835D-06  2.999D-08
   18.900000    2.6231637545901D-06  2.968D-08
   18.950000    2.5956151646016D-06  2.937D-08
   19.000000    2.5684270620665D-06  2.906D-08
   19.050000    2.5415938055466D-06  2.876D-08
   19.100000    2.5151098562426D-06  2.846D-08
   19.150000    2.4889697758421D-06  2.816D-08
   19.200000    2.4631682244701D-06  2.787D-08
   19.250000    2.4376999586490D-06  2.758D-08
   19.300000    2.4125598293206D-06  2.730D-08
   19.350000    2.3877427799084D-06  2.702D-08
   19.400000    2.3632438444286D-06  2.674D-08
   19.450000    2.3390581456389D-06  2.647D-08
   19.500000    2.3151808932332D-06  2.620D-08
   19.550000    2.2916073820820D-06  2.593D-08
   19.600000    2.2683329905028D-06  2.567D-08
   19.650000    2.2453531785739D-06  2.541D-08
   19.700000    2.2226634864950D-06  2.515D-08
   19.750000    2.2002595329684D-06  2.490D-08
   19.800000    2.1781370136269D-06  2.465D-08
   19.850000    2.1562916995029D-06  2.440D-08
   19.900000    2.1347194355157D-06  2.416D-08
   19.950000    2.1134161390040D-06  2.391D-08
   20.000000    2.0923777982891D-06  2.368D-08
   20.050000    2.0716004712743D-06  2.344D-08
   20.100000    2.0510802840557D-06  2.321D-08
   20.150000    2.0308134295994D-06  2.298D-08
   20.200000    2.0107961664091D-06  2.275D-08
   20.250000    1.9910248172488D-06  2.253D-08
   20.300000    1.9714957678860D-06  2.231D-08
   20.350000    1.9522054658636D-06  2.209D-08
   20.400000    1.9331504192901D-06  2.188D-08
   20.450000    1.9143271956711D-06  2.166D-08
   20.500000    1.8957324207543D-06  2.145D-08
   20.550000    1.8773627774089D-06  2.124D-08
   20.600000    1.8592150045151D-06  2.104D-08
   20.650000    1.8412858958967D-06  2.084D-08
   20.700000    1.8235722992606D-06  2.064D-08
   20.750000    1.8060711151634D-06  2.044D-08
   20.800000    1.7887792960126D-06  2.024D-08
   20.850000    1.7716938450641D-06  2.005D-08
   20.900000    1.7548118154688D-06  1.986D-08
   20.950000    1.7381303093165D-06  1.967D-08
   21.000000    1.7216464767180D-06  1.948D-08
   21.050000    1.7053575148901D-06  1.930D-08
   21.100000    1.6892606672782D-06  1.912D-08
   21.150000    1.6733532226765D-06  1.894D-08
   21.200000    1.6576325143897D-06  1.876D-08
   21.250000    1.6420959193919D-06  1.858D-08
   21.300000    1.6267408575175D-06  1.841D-08
   21.350000    1.6115647906564D-06  1.824D-08
   21.400000    1.5965652219823D-06  1.807D-08
   21.450000    1.5817396951790D-06  1.790D-08
   21.500000    1.5670857936987D-06  1.773D-08
   21.550000    1.5526011400216D-06  1.757D-08
   21.600000    1.5382833949430D-06  1.741D-08
   21.650000    1.5241302568681D-06  1.725D-08
   21.700000    1.5101394611231D-06  1.709D-08
   21.750000    1.4963087792791D-06  1.693D-08
   21.800000    1.4826360184898D-06  1.678D-08
   21.850000    1.4691190208528D-06  1.663D-08
   21.900000    1.4557556627655D-06  1.647D-08
   21.950000    1.4425438543045D-06  1.633D-08
   22.000000    1.4294815386213D-06  1.618D-08
   22.050000    1.4165666913480D-06  1.603D-08
   22.100000    1.4037973200054D-06  1.589D-08
   22.150000    1.3911714634315D-06  1.574D-08
   22.200000    1.3786871912324D-06  1.560D-08
   22.250000    1.3663426032112D-06  1.546D-08
   22.300000    1.3541358288515D-06  1.533D-08
   22.350000    1.3420650267753D-06  1.519D-08
   22.400000    1.3301283842308D-06  1.505D-08
   22.450000    1.3183241165806D-06  1.492D-08
   22.500000    1.3066504668126D-06  1.479D-08
   22.550000    1.2951057050485D-06  1.466D-08
   22.600000    1.2836881280613D-06  1.453D-08
   22.650000    1.2723960588183D-06  1.440D-08
   22.700000    1.2612278460132D-06  1.427D-08
   22.750000    1.2501818636196D-06  1.415D-08
   22.800000    1.2392565104473D-06  1.403D-08
   22.850000    1.2284502097148D-06  1.390D-08
   22.900000    1.2177614086200D-06  1.378D-08
   22.950000    1.2071885779330D-06  1.366D-08
   23.000000    1.1967302115731D-06  1.354D-08
   23.050000    1.1863848262263D-06  1.343D-08
   23.100000    1.1761509609431D-06  1.331D-08
   23.150000    1.1660271767537D-06  1.320D-08
   23.200000    1.1560120562988D-06  1.308D-08
   23.250000    1.1461042034533D-06  1.297D-08
   23.300000    1.1363022429606D-06  1.286D-08
   23.350000    1.1266048200899D-06  1.275D-08
   23.400000    1.1170106002725D-06  1.264D-08
   23.450000    1.1075182687668D-06  1.253D-08
   23.500000    1.0981265303241D-06  1.243D-08
   23.550000    1.0888341088574D-06  1.232D-08
   23.600000    1.0796397471155D-06  1.222D-08
   23.650000    1.0705422063682D-06  1.212D-08
   23.700000    1.0615402660970D-06  1.201D-08
   23.750000    1.0526327236886D-06  1.191D-08
   23.800000    1.0438183941337D-06  1.181D-08
   23.850000    1.0350961097393D-06  1.172D-08
   23.900000    1.0264647198269D-06  1.162D-08
   23.950000    1.0179230904684D-06  1.152D-08
   24.000000    1.0094701041940D-06  1.143D-08
   24.050000    1.0011046597238D-06  1.133D-08
   24.100000    9.9282567170313D-07  1.124D-08
   24.150000    9.8463207043793D-07  1.114D-08
   24.200000    9.7652280163206D-07  1.105D-08
   24.250000    9.6849682614966D-07  1.096D-08
   24.300000    9.6055311974830D-07  1.087D-08
   24.350000    9.5269067284747D-07  1.078D-08
   24.400000    9.4490849028452D-07  1.069D-08
   24.450000    9.3720559108515D-07  1.061D-08
   24.500000    9.2958100822140D-07  1.052D-08
   24.550000    9.2203378840285D-07  1.044D-08
   24.600000    9.1456299183660D-07  1.035D-08
   24.650000    9.0716769202054D-07  1.027D-08
   24.700000    8.9984697552611D-07  1.018D-08
   24.750000    8.9259994178528D-07  1.010D-08
   24.800000    8.8542570289198D-07  1.002D-08
   24.850000    8.7832338338693D-07  9.941D-09
   24.900000    8.7129212007149D-07  9.862D-09
   24.950000    8.6433106179870D-07  9.783D-09
   25.000000    8.5743936929746D-07  9.705D-09
   25.050000    8.5061621496767D-07  9.628D-09
   25.100000    8.4386078270647D-07  9.551D-09
   25.150000    8.3717226771993D-07  9.476D-09
   25.200000    8.3054987634515D-07  9.401D-09
   25.250000    8.2399282588055D-07  9.326D-09
   25.300000    8.1750034440378D-07  9.253D-09
   25.350000    8.1107167061033D-07  9.180D-09
   25.400000    8.0470605364385D-07  9.108D-09
   25.450000    7.9840275293264D-07  9.037D-09
   25.500000    7.9216103802823D-07  8.966D-09
   25.550000    7.8598018844810D-07  8.896D-09
   25.600000    7.7985949352463D-07  8.827D-09
   25.650000    7.7379825224773D-07  8.758D-09
   25.700000    7.6779577311381D-07  8.690D-09
   25.750000    7.6185137398709D-07  8.623D-09
   25.800000    7.5596438194224D-07  8.557D-09
   25.850000    7.5013413313613D-07  8.491D-09
   25.900000    7.4435997266078D-07  8.425D-09
   25.950000    7.3864125440471D-07  8.361D-09
   26.000000    7.3297734092042D-07  8.296D-09
   26.050000    7.2736760329609D-07  8.233D-09
   26.100000    7.2181142101887D-07  8.170D-09
   26.150000    7.1630818184866D-07  8.108D-09
   26.200000    7.1085728169384D-07  8.046D-09
   26.250000    7.0545812448707D-07  7.985D-09
   26.300000    7.0011012206522D-07  7.924D-09
   26.350000    6.9481269404299D-07  7.865D-09
   26.400000    6.8956526770950D-07  7.805D-09
   26.450000    6.8436727789564D-07  7.746D-09
   26.500000    6.7921816687478D-07  7.688D-09
   26.550000    6.7411738424053D-07  7.630D-09
   26.600000    6.6906438680531D-07  7.573D-09
   26.650000    6.6405863848643D-07  7.516D-09
   26.700000    6.5909961020878D-07  7.460D-09
   26.750000    6.5418677978674D-07  7.405D-09
   26.800000    6.4931963183518D-07  7.350D-09
   26.850000    6.4449765765758D-07  7.295D-09
   26.900000    6.3972035515494D-07  7.241D-09
   26.950000    6.3498722873254D-07  7.187D-09
   27.000000    6.3029778917983D-07  7.134D-09
   27.050000    6.2565155360621D-07  7.082D-09
   27.100000    6.2104804533541D-07  7.030D-09
   27.150000    6.1648679381019D-07  6.978D-09
   27.200000    6.1196733450742D-07  6.927D-09
   27.250000    6.0748920884900D-07  6.876D-09
   27.300000    6.0305196411902D-07  6.826D-09
   27.350000    5.9865515336844D-07  6.776D-09
   27.400000    5.9429833534260D-07  6.727D-09
   27.450000    5.8998107438800D-07  6.678D-09
   27.500000    5.8570294038393D-07  6.630D-09
   27.550000    5.8146350864922D-07  6.582D-09
   27.600000    5.7726235986977D-07  6.534D-09
   27.650000    5.7309908002186D-07  6.487D-09
   27.700000    5.6897326029758D-07  6.440D-09
   27.750000    5.6488449702402D-07  6.394D-09
   27.800000    5.6083239159280D-07  6.348D-09
   27.850000    5.5681655038967D-07  6.303D-09
   27.900000    5.5283658472402D-07  6.258D-09
   27.950000    5.4889211074810D-07  6.213D-09
   28.000000    5.4498274940311D-07  6.169D-09
   28.050000    5.4110812634256D-07  6.125D-09
   28.100000    5.3726787186595D-07  6.081D-09
   28.150000    5.3346162085245D-07  6.038D-09
   28.200000    5.2968901269872D-07  5.996D-09
   28.250000    5.2594969125889D-07  5.953D-09
   28.300000    5.2224330476775D-07  5.911D-09
   28.350000    5.1856950579735D-07  5.870D-09
   28.400000    5.1492795118233D-07  5.829D-09
   28.450000    5.1131830196606D-07  5.788D-09
   28.500000    5.0774022334258D-07  5.747D-09
   28.550000    5.0419338459240D-07  5.707D-09
   28.600000    5.0067745903478D-07  5.667D-09
   28.650000    4.9719212396350D-07  5.628D-09
   28.700000    4.9373706059920D-07  5.589D-09
   28.750000    4.9031195402512D-07  5.550D-09
   28.800000    4.8691649314562D-07  5.512D-09
   28.850000    4.8355037061988D-07  5.474D-09
   28.900000    4.8021328282252D-07  5.436D-09
   28.950000    4.7690492978347D-07  5.398D-09
   29.000000    4.7362501514651D-07  5.361D-09
   29.050000    4.7037324610918D-07  5.324D-09
   29.100000    4.6714933338337D-07  5.288D-09
   29.150000    4.6395299113935D-07  5.252D-09
   29.200000    4.6078393696640D-07  5.216D-09
   29.250000    4.5764189182099D-07  5.180D-09
   29.300000    4.5452657998112D-07  5.145D-09
   29.350000    4.5143772900284D-07  5.110D-09
   29.400000    4.4837506967880D-07  5.075D-09
   29.450000    4.4533833598841D-07  5.041D-09
   29.500000    4.4232726505438D-07  5.007D-09
   29.550000    4.3934159710954D-07  4.973D-09
   29.600000    4.3638107544289D-07  4.940D-09
   29.650000    4.3344544636855D-07  4.906D-09
   29.700000    4.3053445918010D-07  4.873D-09
   29.750000    4.2764786611125D-07  4.841D-09
   29.800000    4.2478542229222D-07  4.808D-09
   29.850000    4.2194688572493D-07  4.776D-09
   29.900000    4.1913201722698D-07  4.744D-09
   29.950000    4.1634058040884D-07  4.713D-09
   30.000000    4.1357234162618D-07  4.681D-09
   30.050000    4.1082706994665D-07  4.650D-09
   30.100000    4.0810453712093D-07  4.620D-09
   30.150000    4.0540451753494D-07  4.589D-09
   30.200000    4.0272678818919D-07  4.559D-09
   30.250000    4.0007112864688D-07  4.529D-09
   30.300000    3.9743732101526D-07  4.499D-09
   30.350000    3.9482514991038D-07  4.469D-09
   30.400000    3.9223440241354D-07  4.440D-09
   30.450000    3.8966486804845D-07  4.411D-09
   30.500000    3.8711633875018D-07  4.382D-09
   30.550000    3.8458860882778D-07  4.353D-09
   30.600000    3.8208147493526D-07  4.325D-09
   30.650000    3.7959473604467D-07  4.297D-09
   30.700000    3.7712819340869D-07  4.269D-09
   30.750000    3.7468165053997D-07  4.241D-09
   30.800000    3.7225491317789D-07  4.214D-09
   30.850000    3.6984778925334D-07  4.187D-09
   30.900000    3.6746008887209D-07  4.160D-09
   30.950000    3.6509162427752D-07  4.133D-09
   31.000000    3.6274220983396D-07  4.106D-09
   31.050000    3.6041166198110D-07  4.080D-09
   31.100000    3.5809979922566D-07  4.054D-09
   31.150000    3.5580644210826D-07  4.028D-09
   31.200000    3.5353141317226D-07  4.002D-09
   31.250000    3.5127453694718D-07  3.976D-09
   31.300000    3.4903563991757D-07  3.951D-09
   31.350000    3.4681455049818D-07  3.926D-09
   31.400000    3.4461109901314D-07  3.901D-09
   31.450000    3.4242511766697D-07  3.876D-09
   31.500000    3.4025644052796D-07  3.852D-09
   31.550000    3.3810490349501D-07  3.827D-09
   31.600000    3.3597034428101D-07  3.803D-09
   31.650000    3.3385260239210D-07  3.779D-09
   31.700000    3.3175151909240D-07  3.755D-09
   31.750000    3.2966693740198D-07  3.732D-09
   31.800000    3.2759870205737D-07  3.708D-09
   31.850000    3.2554665949712D-07  3.685D-09
   31.900000    3.2351065784097D-07  3.662D-09
   31.950000    3.2149054686921D-07  3.639D-09
   32.000000    3.1948617799352D-07  3.617D-09
   32.050000    3.1749740425499D-07  3.594D-09
   32.100000    3.1552408028673D-07  3.572D-09
   32.150000    3.1356606229728D-07  3.550D-09
   32.200000    3.1162320806026D-07  3.528D-09
   32.250000    3.0969537688321D-07  3.506D-09
   32.300000    3.0778242959519D-07  3.484D-09
   32.350000    3.0588422853013D-07  3.463D-09
   32.400000    3.0400063749992D-07  3.441D-09
   32.450000    3.0213152178812D-07  3.420D-09
   32.500000    3.0027674811475D-07  3.399D-09
   32.550000    2.9843618464248D-07  3.378D-09
   32.600000    2.9660970093306D-07  3.358D-09
   32.650000    2.9479716795149D-07  3.337D-09
   32.700000    2.9299845803694D-07  3.317D-09
   32.750000    2.9121344488621D-07  3.297D-09
   32.800000    2.8944200354742D-07  3.276D-09
   32.850000    2.8768401039105D-07  3.257D-09
   32.900000    2.8593934309951D-07  3.237D-09
   32.950000    2.8420788065471D-07  3.217D-09
   33.000000    2.8248950331314D-07  3.198D-09
   33.050000    2.8078409259969D-07  3.178D-09
   33.100000    2.7909153129102D-07  3.159D-09
   33.150000    2.7741170339063D-07  3.140D-09
   33.200000    2.7574449413102D-07  3.121D-09
   33.250000    2.7408978994040D-07  3.103D-09
   33.300000    2.7244747844483D-07  3.084D-09
   33.350000    2.7081744844536D-07  3.066D-09
   33.400000    2.6919958989935D-07  3.047D-09
   33.450000    2.6759379392258D-07  3.029D-09
   33.500000    2.6599995275395D-07  3.011D-09
   33.550000    2.6441795976377D-07  2.993D-09
   33.600000    2.6284770942474D-07  2.975D-09
   33.650000    2.6128909730569D-07  2.958D-09
   33.700000    2.5974202005915D-07  2.940D-09
   33.750000    2.5820637540061D-07  2.923D-09
   33.800000    2.5668206211056D-07  2.906D-09
   33.850000    2.5516898000546D-07  2.889D-09
   33.900000    2.5366702993982D-07  2.872D-09
   33.950000    2.5217611378336D-07  2.855D-09
   34.000000    2.5069613441479D-07  2.838D-09
   34.050000    2.4922699571144D-07  2.821D-09
   34.100000    2.4776860252848D-07  2.805D-09
   34.150000    2.4632086069896D-07  2.788D-09
   34.200000    2.4488367701511D-07  2.772D-09
   34.250000    2.4345695922004D-07  2.756D-09
   34.300000    2.4204061599735D-07  2.740D-09
   34.350000    2.4063455695457D-07  2.724D-09
   34.400000    2.3923869262103D-07  2.708D-09
   34.450000    2.3785293442715D-07  2.692D-09
   34.500000    2.3647719470857D-07  2.677D-09
   34.550000    2.3511138667709D-07  2.661D-09
   34.600000    2.3375542442693D-07  2.646D-09
   34.650000    2.3240922291599D-07  2.631D-09
   34.700000    2.3107269795761D-07  2.616D-09
   34.750000    2.2974576620809D-07  2.601D-09
   34.800000    2.2842834516667D-07  2.586D-09
   34.850000    2.2712035315275D-07  2.571D-09
   34.900000    2.2582170930585D-07  2.556D-09
   34.950000    2.2453233357316D-07  2.542D-09
   35.000000    2.2325214669918D-07  2.527D-09
   35.050000    2.2198107021947D-07  2.513D-09
   35.100000    2.2071902645032D-07  2.499D-09
   35.150000    2.1946593847414D-07  2.484D-09
   35.200000    2.1822173014786D-07  2.470D-09
   35.250000    2.1698632606962D-07  2.456D-09
   35.300000    2.1575965159339D-07  2.442D-09
   35.350000    2.1454163280401D-07  2.429D-09
   35.400000    2.1333219651719D-07  2.415D-09
   35.450000    2.1213127027331D-07  2.401D-09
   35.500000    2.1093878232079D-07  2.388D-09
   35.550000    2.0975466161403D-07  2.374D-09
   35.600000    2.0857883780304D-07  2.361D-09
   35.650000    2.0741124122924D-07  2.348D-09
   35.700000    2.0625180291514D-07  2.335D-09
   35.750000    2.0510045455395D-07  2.322D-09
   35.800000    2.0395712851162D-07  2.309D-09
   35.850000    2.0282175780403D-07  2.296D-09
   35.900000    2.0169427610531D-07  2.283D-09
   35.950000    2.0057461773121D-07  2.271D-09
   36.000000    1.9946271763495D-07  2.258D-09
   36.050000    1.9835851139893D-07  2.245D-09
   36.100000    1.9726193523058D-07  2.233D-09
   36.150000    1.9617292595402D-07  2.221D-09
   36.200000    1.9509142099766D-07  2.208D-09
   36.250000    1.9401735839831D-07  2.196D-09
   36.300000    1.9295067678668D-07  2.184D-09
   36.350000    1.9189131538318D-07  2.172D-09
   36.400000    1.9083921399177D-07  2.160D-09
   36.450000    1.8979431298949D-07  2.148D-09
   36.500000    1.8875655332861D-07  2.137D-09
   36.550000    1.8772587652622D-07  2.125D-09
   36.600000    1.8670222464968D-07  2.113D-09
   36.650000    1.8568554032912D-07  2.102D-09
   36.700000    1.8467576673042D-07  2.091D-09
   36.750000    1.8367284756766D-07  2.079D-09
   36.800000    1.8267672708241D-07  2.068D-09
   36.850000    1.8168735004780D-07  2.057D-09
   36.900000    1.8070466176238D-07  2.046D-09
   36.950000    1.7972860803552D-07  2.035D-09
   37.000000    1.7875913519369D-07  2.024D-09
   37.050000    1.7779619006588D-07  2.013D-09
   37.100000    1.7683971998155D-07  2.002D-09
   37.150000    1.7588967276650D-07  1.991D-09
   37.200000    1.7494599673866D-07  1.980D-09
   37.250000    1.7400864069361D-07  1.970D-09
   37.300000    1.7307755391286D-07  1.959D-09
   37.350000    1.7215268615140D-07  1.949D-09
   37.400000    1.7123398762939D-07  1.938D-09
   37.450000    1.7032140903217D-07  1.928D-09
   37.500000    1.6941490151026D-07  1.918D-09
   37.550000    1.6851441666272D-07  1.908D-09
   37.600000    1.6761990653514D-07  1.897D-09
   37.650000    1.6673132362786D-07  1.887D-09
   37.700000    1.6584862087322D-07  1.877D-09
   37.750000    1.6497175163963D-07  1.868D-09
   37.800000    1.6410066973163D-07  1.858D-09
   37.850000    1.6323532937326D-07  1.848D-09
   37.900000    1.6237568521636D-07  1.838D-09
   37.950000    1.6152169232396D-07  1.828D-09
   38.000000    1.6067330617860D-07  1.819D-09
   38.050000    1.5983048266570D-07  1.809D-09
   38.100000    1.5899317807982D-07  1.800D-09
   38.150000    1.5816134911007D-07  1.790D-09
   38.200000    1.5733495284847D-07  1.781D-09
   38.250000    1.5651394677334D-07  1.772D-09
   38.300000    1.5569828875132D-07  1.763D-09
   38.350000    1.5488793703536D-07  1.753D-09
   38.400000    1.5408285025844D-07  1.744D-09
   38.450000    1.5328298742321D-07  1.735D-09
   38.500000    1.5248830791241D-07  1.726D-09
   38.550000    1.5169877147217D-07  1.717D-09
   38.600000    1.5091433821002D-07  1.708D-09
   38.650000    1.5013496860315D-07  1.700D-09
   38.700000    1.4936062347557D-07  1.691D-09
   38.750000    1.4859126401060D-07  1.682D-09
   38.800000    1.4782685173838D-07  1.673D-09
   38.850000    1.4706734853588D-07  1.665D-09
   38.900000    1.4631271662275D-07  1.656D-09
   38.950000    1.4556291855302D-07  1.648D-09
   39.000000    1.4481791722338D-07  1.639D-09
   39.050000    1.4407767585869D-07  1.631D-09
   39.100000    1.4334215800986D-07  1.623D-09
   39.150000    1.4261132755595D-07  1.614D-09
   39.200000    1.4188514869793D-07  1.606D-09
   39.250000    1.4116358595453D-07  1.598D-09
   39.300000    1.4044660416227D-07  1.590D-09
   39.350000    1.3973416846293D-07  1.582D-09
   39.400000    1.3902624431401D-07  1.574D-09
   39.450000    1.3832279747831D-07  1.566D-09
   39.500000    1.3762379401768D-07  1.558D-09
   39.550000    1.3692920029514D-07  1.550D-09
   39.600000    1.3623898297279D-07  1.542D-09
   39.650000    1.3555310900350D-07  1.534D-09
   39.700000    1.3487154563295D-07  1.527D-09
   39.750000    1.3419426039349D-07  1.519D-09
   39.800000    1.3352122110196D-07  1.511D-09
   39.850000    1.3285239585770D-07  1.504D-09
   39.900000    1.3218775304042D-07  1.496D-09
   39.950000    1.3152726130398D-07  1.489D-09
   40.000000    1.3087088957850D-07  1.481D-09
   40.050000    1.3021860706406D-07  1.474D-09
   40.100000    1.2957038322664D-07  1.467D-09
   40.150000    1.2892618780427D-07  1.459D-09
   40.200000    1.2828599078838D-07  1.452D-09
   40.250000    1.2764976244040D-07  1.445D-09
   40.300000    1.2701747327516D-07  1.438D-09
   40.350000    1.2638909406089D-07  1.431D-09
   40.400000    1.2576459582125D-07  1.424D-09
   40.450000    1.2514394982919D-07  1.417D-09
   40.500000    1.2452712760479D-07  1.410D-09
   40.550000    1.2391410091529D-07  1.403D-09
   40.600000    1.2330484177096D-07  1.396D-09
   40.650000    1.2269932241884D-07  1.389D-09
   40.700000    1.2209751534897D-07  1.382D-09
   40.750000    1.2149939328402D-07  1.375D-09
   40.800000    1.2090492918138D-07  1.369D-09
   40.850000    1.2031409622897D-07  1.362D-09
   40.900000    1.1972686784318D-07  1.355D-09
   40.950000    1.1914321767097D-07  1.349D-09
   41.000000    1.1856311957945D-07  1.342D-09
   41.050000    1.1798654766006D-07  1.336D-09
   41.100000    1.1741347622232D-07  1.329D-09
   41.150000    1.1684387979801D-07  1.323D-09
   41.200000    1.1627773313073D-07  1.316D-09
   41.250000    1.1571501117807D-07  1.310D-09
   41.300000    1.1515568911568D-07  1.304D-09
   41.350000    1.1459974231860D-07  1.297D-09
   41.400000    1.1404714637999D-07  1.291D-09
   41.450000    1.1349787709239D-07  1.285D-09
   41.500000    1.1295191045189D-07  1.279D-09
   41.550000    1.1240922265815D-07  1.273D-09
   41.600000    1.1186979011437D-07  1.266D-09
   41.650000    1.1133358941485D-07  1.260D-09
   41.700000    1.1080059735327D-07  1.254D-09
   41.750000    1.1027079091652D-07  1.248D-09
   41.800000    1.0974414728670D-07  1.242D-09
   41.850000    1.0922064383495D-07  1.236D-09
   41.900000    1.0870025811725D-07  1.231D-09
   41.950000    1.0818296788068D-07  1.225D-09
   42.000000    1.0766875105721D-07  1.219D-09
   42.050000    1.0715758575948D-07  1.213D-09
   42.100000    1.0664945028502D-07  1.207D-09
   42.150000    1.0614432310997D-07  1.202D-09
   42.200000    1.0564218288705D-07  1.196D-09
   42.250000    1.0514300844760D-07  1.190D-09
   42.300000    1.0464677879744D-07  1.185D-09
   42.350000    1.0415347311479D-07  1.179D-09
   42.400000    1.0366307074820D-07  1.174D-09
   42.450000    1.0317555121863D-07  1.168D-09
   42.500000    1.0269089421526D-07  1.162D-09
   42.550000    1.0220907959348D-07  1.157D-09
   42.600000    1.0173008737274D-07  1.152D-09
   42.650000    1.0125389773662D-07  1.146D-09
   42.700000    1.0078049103069D-07  1.141D-09
   42.750000    1.0030984776255D-07  1.136D-09
   42.800000    9.9841948599737D-08  1.130D-09
   42.850000    9.9376774363507D-08  1.125D-09
   42.900000    9.8914306032975D-08  1.120D-09
   42.950000    9.8454524745122D-08  1.115D-09
   43.000000    9.7997411784408D-08  1.109D-09
   43.050000    9.7542948591084D-08  1.104D-09
   43.100000    9.7091116757033D-08  1.099D-09
   43.150000    9.6641898019542D-08  1.094D-09
   43.200000    9.6195274263378D-08  1.089D-09
   43.250000    9.5751227524945D-08  1.084D-09
   43.300000    9.5309739979817D-08  1.079D-09
   43.350000    9.4870793951050D-08  1.074D-09
   43.400000    9.4434371900873D-08  1.069D-09
   43.450000    9.4000456434842D-08  1.064D-09
   43.500000    9.3569030297686D-08  1.059D-09
   43.550000    9.3140076371228D-08  1.054D-09
   43.600000    9.2713577676468D-08  1.050D-09
   43.650000    9.2289517369423D-08  1.045D-09
   43.700000    9.1867878741129D-08  1.040D-09
   43.750000    9.1448645213488D-08  1.035D-09
   43.800000    9.1031800345499D-08  1.031D-09
   43.850000    9.0617327820794D-08  1.026D-09
   43.900000    9.0205211460103D-08  1.021D-09
   43.950000    8.9795435208790D-08  1.017D-09
   44.000000    8.9387983138931D-08  1.012D-09
   44.050000    8.8982839449312D-08  1.007D-09
   44.100000    8.8579988465432D-08  1.003D-09
   44.150000    8.8179414637425D-08  9.982D-10
   44.200000    8.7781102533828D-08  9.937D-10
   44.250000    8.7385036851967D-08  9.892D-10
   44.300000    8.6991202401341D-08  9.848D-10
   44.350000    8.6599584120239D-08  9.803D-10
   44.400000    8.6210167059119D-08  9.759D-10
   44.450000    8.5822936386847D-08  9.715D-10
   44.500000    8.5437877392769D-08  9.672D-10
   44.550000    8.5054975474247D-08  9.629D-10
   44.600000    8.4674216151205D-08  9.585D-10
   44.650000    8.4295585049506D-08  9.543D-10
   44.700000    8.3919067913417D-08  9.500D-10
   44.750000    8.3544650595227D-08  9.458D-10
   44.800000    8.3172319059396D-08  9.415D-10
   44.850000    8.2802059376323D-08  9.374D-10
   44.900000    8.2433857726507D-08  9.332D-10
   44.950000    8.2067700402620D-08  9.290D-10
   45.000000    8.1703573794965D-08  9.249D-10
   45.050000    8.1341464406019D-08  9.208D-10
   45.100000    8.0981358842127D-08  9.167D-10
   45.150000    8.0623243809340D-08  9.127D-10
   45.200000    8.0267106119654D-08  9.087D-10
   45.250000    7.9912932688929D-08  9.046D-10
   45.300000    7.9560710530661D-08  9.007D-10
   45.350000    7.9210426755975D-08  8.967D-10
   45.400000    7.8862068577788D-08  8.927D-10
   45.450000    7.8515623310803D-08  8.888D-10
   45.500000    7.8171078363205D-08  8.849D-10
   45.550000    7.7828421238733D-08  8.810D-10
   45.600000    7.7487639542916D-08  8.772D-10
   45.650000    7.7148720968530D-08  8.734D-10
   45.700000    7.6811653305986D-08  8.695D-10
   45.750000    7.6476424441251D-08  8.657D-10
   45.800000    7.6143022349619D-08  8.620D-10
   45.850000    7.5811435097785D-08  8.582D-10
   45.900000    7.5481650843847D-08  8.545D-10
   45.950000    7.5153657839384D-08  8.508D-10
   46.000000    7.4827444416990D-08  8.471D-10
   46.050000    7.4502999008973D-08  8.434D-10
   46.100000    7.4180310124500D-08  8.398D-10
   46.150000    7.3859366366223D-08  8.361D-10
   46.200000    7.3540156421961D-08  8.325D-10
   46.250000    7.3222669062629D-08  8.289D-10
   46.300000    7.2906893148468D-08  8.253D-10
   46.350000    7.2592817618659D-08  8.218D-10
   46.400000    7.2280431497552D-08  8.182D-10
   46.450000    7.1969723892596D-08  8.147D-10
   46.500000    7.1660683994330D-08  8.112D-10
   46.550000    7.1353301070158D-08  8.077D-10
   46.600000    7.1047564474733D-08  8.043D-10
   46.650000    7.0743463633338D-08  8.008D-10
   46.700000    7.0440988060583D-08  7.974D-10
   46.750000    7.0140127341708D-08  7.940D-10
   46.800000    6.9840871140895D-08  7.906D-10
   46.850000    6.9543209203343D-08  7.873D-10
   46.900000    6.9247131346958D-08  7.839D-10
   46.950000    6.8952627468587D-08  7.806D-10
   47.000000    6.8659687535710D-08  7.773D-10
   47.050000    6.8368301592667D-08  7.740D-10
   47.100000    6.8078459760664D-08  7.707D-10
   47.150000    6.7790152227381D-08  7.674D-10
   47.200000    6.7503369261520D-08  7.642D-10
   47.250000    6.7218101194099D-08  7.609D-10
   47.300000    6.6934338437161D-08  7.577D-10
   47.350000    6.6652071467142D-08  7.545D-10
   47.400000    6.6371290831115D-08  7.514D-10
   47.450000    6.6091987150936D-08  7.482D-10
   47.500000    6.5814151110784D-08  7.450D-10
   47.550000    6.5537773467547D-08  7.419D-10
   47.600000    6.5262845042513D-08  7.388D-10
   47.650000    6.4989356729680D-08  7.357D-10
   47.700000    6.4717299485366D-08  7.326D-10
   47.750000    6.4446664332368D-08  7.296D-10
   47.800000    6.4177442359959D-08  7.265D-10
   47.850000    6.3909624721814D-08  7.235D-10
   47.900000    6.3643202640162D-08  7.205D-10
   47.950000    6.3378167393319D-08  7.175D-10
   48.000000    6.3114510332317D-08  7.145D-10
   48.050000    6.2852222862194D-08  7.115D-10
   48.100000    6.2591296456549D-08  7.086D-10
   48.150000    6.2331722649223D-08  7.056D-10
   48.200000    6.2073493034304D-08  7.027D-10
   48.250000    6.1816599268201D-08  6.998D-10
   48.300000    6.1561033065493D-08  6.969D-10
   48.350000    6.1306786205159D-08  6.940D-10
   48.400000    6.1053850518113D-08  6.912D-10
   48.450000    6.0802217903826D-08  6.883D-10
   48.500000    6.0551880311626D-08  6.855D-10
   48.550000    6.0302829753164D-08  6.827D-10
   48.600000    6.0055058296185D-08  6.798D-10
   48.650000    5.9808558066598D-08  6.771D-10
   48.700000    5.9563321244329D-08  6.743D-10
   48.750000    5.9319340069549D-08  6.715D-10
   48.800000    5.9076606832286D-08  6.688D-10
   48.850000    5.8835113880740D-08  6.660D-10
   48.900000    5.8594853621277D-08  6.633D-10
   48.950000    5.8355818508046D-08  6.606D-10
   49.000000    5.8118001053363D-08  6.579D-10
   49.050000    5.7881393821482D-08  6.552D-10
   49.100000    5.7645989428594D-08  6.526D-10
   49.150000    5.7411780544901D-08  6.499D-10
   49.200000    5.7178759894623D-08  6.473D-10
   49.250000    5.6946920247681D-08  6.447D-10
   49.300000    5.6716254430089D-08  6.421D-10
   49.350000    5.6486755317720D-08  6.395D-10
   49.400000    5.6258415834230D-08  6.369D-10
   49.450000    5.6031228959363D-08  6.343D-10
   49.500000    5.5805187716495D-08  6.317D-10
   49.550000    5.5580285178858D-08  6.292D-10
   49.600000    5.5356514473698D-08  6.267D-10
   49.650000    5.5133868767736D-08  6.241D-10
   49.700000    5.4912341285859D-08  6.216D-10
   49.750000    5.4691925292428D-08  6.191D-10
   49.800000    5.4472614101664D-08  6.167D-10
   49.850000    5.4254401077647D-08  6.142D-10
   49.900000    5.4037279626006D-08  6.117D-10
   49.950000    5.3821243204307D-08  6.093D-10
   50.000000    5.3606285307513D-08  6.068D-10
   50.050000    5.3392399484599D-08  6.044D-10
   50.100000    5.3179579326092D-08  6.020D-10
   50.150000    5.2967818464066D-08  5.996D-10
   50.200000    5.2757110580458D-08  5.972D-10
   50.250000    5.2547449396677D-08  5.949D-10
   50.300000    5.2338828679834D-08  5.925D-10
   50.350000    5.2131242242748D-08  5.901D-10
   50.400000    5.1924683935631D-08  5.878D-10
   50.450000    5.1719147654402D-08  5.855D-10
   50.500000    5.1514627336529D-08  5.832D-10
   50.550000    5.1311116963107D-08  5.809D-10
   50.600000    5.1108610556781D-08  5.786D-10
   50.650000    5.0907102175516D-08  5.763D-10
   50.700000    5.0706585927134D-08  5.740D-10
   50.750000    5.0507055954776D-08  5.718D-10
   50.800000    5.0308506441056D-08  5.695D-10
   50.850000    5.0110931612216D-08  5.673D-10
   50.900000    4.9914325731893D-08  5.651D-10
   50.950000    4.9718683103196D-08  5.628D-10
   51.000000    4.9523998068706D-08  5.606D-10
   51.050000    4.9330265008403D-08  5.584D-10
   51.100000    4.9137478343814D-08  5.563D-10
   51.150000    4.8945632531784D-08  5.541D-10
   51.200000    4.8754722066555D-08  5.519D-10
   51.250000    4.8564741483920D-08  5.498D-10
   51.300000    4.8375685350831D-08  5.476D-10
   51.350000    4.8187548277872D-08  5.455D-10
   51.400000    4.8000324906788D-08  5.434D-10
   51.450000    4.7814009918797D-08  5.413D-10
   51.500000    4.7628598028360D-08  5.392D-10
   51.550000    4.7444083989406D-08  5.371D-10
   51.600000    4.7260462591188D-08  5.350D-10
   51.650000    4.7077728654117D-08  5.329D-10
   51.700000    4.6895877036003D-08  5.309D-10
   51.750000    4.6714902632049D-08  5.288D-10
   51.800000    4.6534800366546D-08  5.268D-10
   51.850000    4.6355565203256D-08  5.248D-10
   51.900000    4.6177192137106D-08  5.227D-10
   51.950000    4.5999676196262D-08  5.207D-10
   52.000000    4.5823012444210D-08  5.187D-10
   52.050000    4.5647195973520D-08  5.167D-10
   52.100000    4.5472221916235D-08  5.148D-10
   52.150000    4.5298085433487D-08  5.128D-10
   52.200000    4.5124781715488D-08  5.108D-10
   52.250000    4.4952305989851D-08  5.089D-10
   52.300000    4.4780653513273D-08  5.069D-10
   52.350000    4.4609819575690D-08  5.050D-10
   52.400000    4.4439799498205D-08  5.031D-10
   52.450000    4.4270588631002D-08  5.012D-10
   52.500000    4.4102182357510D-08  4.993D-10
   52.550000    4.3934576092320D-08  4.974D-10
   52.600000    4.3767765279108D-08  4.955D-10
   52.650000    4.3601745390635D-08  4.936D-10
   52.700000    4.3436511930829D-08  4.917D-10
   52.750000    4.3272060434777D-08  4.899D-10
   52.800000    4.3108386466656D-08  4.880D-10
   52.850000    4.2945485619725D-08  4.862D-10
   52.900000    4.2783353512176D-08  4.843D-10
   52.950000    4.2621985797519D-08  4.825D-10
   53.000000    4.2461378156273D-08  4.807D-10
   53.050000    4.2301526295965D-08  4.789D-10
   53.100000    4.2142425951130D-08  4.771D-10
   53.150000    4.1984072885388D-08  4.753D-10
   53.200000    4.1826462895602D-08  4.735D-10
   53.250000    4.1669591797333D-08  4.717D-10
   53.300000    4.1513455437305D-08  4.700D-10
   53.350000    4.1358049693404D-08  4.682D-10
   53.400000    4.1203370464295D-08  4.664D-10
   53.450000    4.1049413677727D-08  4.647D-10
   53.500000    4.0896175290534D-08  4.630D-10
   53.550000    4.0743651282407D-08  4.612D-10
   53.600000    4.0591837662119D-08  4.595D-10
   53.650000    4.0440730461299D-08  4.578D-10
   53.700000    4.0290325738584D-08  4.561D-10
   53.750000    4.0140619581697D-08  4.544D-10
   53.800000    3.9991608099136D-08  4.527D-10
   53.850000    3.9843287426408D-08  4.510D-10
   53.900000    3.9695653723952D-08  4.494D-10
   53.950000    3.9548703175060D-08  4.477D-10
   54.000000    3.9402431994188D-08  4.461D-10
   54.050000    3.9256836414488D-08  4.444D-10
   54.100000    3.9111912694046D-08  4.428D-10
   54.150000    3.8967657113800D-08  4.411D-10
   54.200000    3.8824065985854D-08  4.395D-10
   54.250000    3.8681135636851D-08  4.379D-10
   54.300000    3.8538862422523D-08  4.363D-10
   54.350000    3.8397242721456D-08  4.347D-10
   54.400000    3.8256272935089D-08  4.331D-10
   54.450000    3.8115949485636D-08  4.315D-10
   54.500000    3.7976268822320D-08  4.299D-10
   54.550000    3.7837227413064D-08  4.283D-10
   54.600000    3.7698821752798D-08  4.268D-10
   54.650000    3.7561048355150D-08  4.252D-10
   54.700000    3.7423903756604D-08  4.237D-10
   54.750000    3.7287384518574D-08  4.221D-10
   54.800000    3.7151487221171D-08  4.206D-10
   54.850000    3.7016208467361D-08  4.190D-10
   54.900000    3.6881544882964D-08  4.175D-10
   54.950000    3.6747493112498D-08  4.160D-10
   55.000000    3.6614049823334D-08  4.145D-10
   55.050000    3.6481211705697D-08  4.130D-10
   55.100000    3.6348975468512D-08  4.115D-10
   55.150000    3.6217337841477D-08  4.100D-10
   55.200000    3.6086295579226D-08  4.085D-10
   55.250000    3.5955845448853D-08  4.070D-10
   55.300000    3.5825984244464D-08  4.056D-10
   55.350000    3.5696708778865D-08  4.041D-10
   55.400000    3.5568015885635D-08  4.026D-10
   55.450000    3.5439902414975D-08  4.012D-10
   55.500000    3.5312365239941D-08  3.998D-10
   55.550000    3.5185401252286D-08  3.983D-10
   55.600000    3.5059007364541D-08  3.969D-10
   55.650000    3.4933180507932D-08  3.955D-10
   55.700000    3.4807917630310D-08  3.940D-10
   55.750000    3.4683215704455D-08  3.926D-10
   55.800000    3.4559071715614D-08  3.912D-10
   55.850000    3.4435482671887D-08  3.898D-10
   55.900000    3.4312445597994D-08  3.884D-10
   55.950000    3.4189957541512D-08  3.870D-10
   56.000000    3.4068015562480D-08  3.857D-10
   56.050000    3.3946616743794D-08  3.843D-10
   56.100000    3.3825758182892D-08  3.829D-10
   56.150000    3.3705437000065D-08  3.816D-10
   56.200000    3.3585650328071D-08  3.802D-10
   56.250000    3.3466395320444D-08  3.789D-10
   56.300000    3.3347669147339D-08  3.775D-10
   56.350000    3.3229468999688D-08  3.762D-10
   56.400000    3.3111792082965D-08  3.748D-10
   56.450000    3.2994635619266D-08  3.735D-10
   56.500000    3.2877996847307D-08  3.722D-10
   56.550000    3.2761873026582D-08  3.709D-10
   56.600000    3.2646261431127D-08  3.696D-10
   56.650000    3.2531159351600D-08  3.683D-10
   56.700000    3.2416564095280D-08  3.670D-10
   56.750000    3.2302472986066D-08  3.657D-10
   56.800000    3.2188883368635D-08  3.644D-10
   56.850000    3.2075792595973D-08  3.631D-10
   56.900000    3.1963198041843D-08  3.618D-10
   56.950000    3.1851097098707D-08  3.606D-10
   57.000000    3.1739487169416D-08  3.593D-10
   57.050000    3.1628365675517D-08  3.580D-10
   57.100000    3.1517730055181D-08  3.568D-10
   57.150000    3.1407577763200D-08  3.555D-10
   57.200000    3.1297906262673D-08  3.543D-10
   57.250000    3.1188713043714D-08  3.531D-10
   57.300000    3.1079995600587D-08  3.518D-10
   57.350000    3.0971751452492D-08  3.506D-10
   57.400000    3.0863978124858D-08  3.494D-10
   57.450000    3.0756673163893D-08  3.482D-10
   57.500000    3.0649834128271D-08  3.470D-10
   57.550000    3.0543458595364D-08  3.458D-10
   57.600000    3.0437544150854D-08  3.446D-10
   57.650000    3.0332088401201D-08  3.434D-10
   57.700000    3.0227088963252D-08  3.422D-10
   57.750000    3.0122543470475D-08  3.410D-10
   57.800000    3.0018449568807D-08  3.398D-10
   57.850000    2.9914804918724D-08  3.387D-10
   57.900000    2.9811607199403D-08  3.375D-10
   57.950000    2.9708854096256D-08  3.363D-10
   58.000000    2.9606543313390D-08  3.352D-10
   58.050000    2.9504672569457D-08  3.340D-10
   58.100000    2.9403239593500D-08  3.329D-10
   58.150000    2.9302242133257D-08  3.317D-10
   58.200000    2.9201677942702D-08  3.306D-10
   58.250000    2.9101544794505D-08  3.294D-10
   58.300000    2.9001840473804D-08  3.283D-10
   58.350000    2.8902562780280D-08  3.272D-10
   58.400000    2.8803709524004D-08  3.261D-10
   58.450000    2.8705278527509D-08  3.250D-10
   58.500000    2.8607267632031D-08  3.238D-10
   58.550000    2.8509674685037D-08  3.227D-10
   58.600000    2.8412497550615D-08  3.216D-10
   58.650000    2.8315734103243D-08  3.205D-10
   58.700000    2.8219382234018D-08  3.195D-10
   58.750000    2.8123439840272D-08  3.184D-10
   58.800000    2.8027904840114D-08  3.173D-10
   58.850000    2.7932775155805D-08  3.162D-10
   58.900000    2.7838048728309D-08  3.151D-10
   58.950000    2.7743723506898D-08  3.141D-10
   59.000000    2.7649797453311D-08  3.130D-10
   59.050000    2.7556268541753D-08  3.120D-10
   59.100000    2.7463134763051D-08  3.109D-10
   59.150000    2.7370394110108D-08  3.098D-10
   59.200000    2.7278044596605D-08  3.088D-10
   59.250000    2.7186084244534D-08  3.078D-10
   59.300000    2.7094511088352D-08  3.067D-10
   59.350000    2.7003323170826D-08  3.057D-10
   59.400000    2.6912518549270D-08  3.047D-10
   59.450000    2.6822095295537D-08  3.036D-10
   59.500000    2.6732051483562D-08  3.026D-10
   59.550000    2.6642385210132D-08  3.016D-10
   59.600000    2.6553094572035D-08  3.006D-10
   59.650000    2.6464177686834D-08  2.996D-10
   59.700000    2.6375632676250D-08  2.986D-10
   59.750000    2.6287457674469D-08  2.976D-10
   59.800000    2.6199650832298D-08  2.966D-10
   59.850000    2.6112210300543D-08  2.956D-10
   59.900000    2.6025134252868D-08  2.946D-10
   59.950000    2.5938420862932D-08  2.936D-10
   60.000000    2.5852068323098D-08  2.927D-10
   60.050000    2.5766074829881D-08  2.917D-10
   60.100000    2.5680438596419D-08  2.907D-10
   60.150000    2.5595157840005D-08  2.898D-10
   60.200000    2.5510230794553D-08  2.888D-10
   60.250000    2.5425655700212D-08  2.878D-10
   60.300000    2.5341430805438D-08  2.869D-10
   60.350000    2.5257554375313D-08  2.859D-10
   60.400000    2.5174024679070D-08  2.850D-10
   60.450000    2.5090839998412D-08  2.840D-10
   60.500000    2.5007998625428D-08  2.831D-10
   60.550000    2.4925498860518D-08  2.822D-10
   60.600000    2.4843339014471D-08  2.812D-10
   60.650000    2.4761517408464D-08  2.803D-10
   60.700000    2.4680032374064D-08  2.794D-10
   60.750000    2.4598882251146D-08  2.785D-10
   60.800000    2.4518065385821D-08  2.776D-10
   60.850000    2.4437580140818D-08  2.766D-10
   60.900000    2.4357424883025D-08  2.757D-10
   60.950000    2.4277597991795D-08  2.748D-10
   61.000000    2.4198097852712D-08  2.739D-10
   61.050000    2.4118922861751D-08  2.730D-10
   61.100000    2.4040071425275D-08  2.721D-10
   61.150000    2.3961541957957D-08  2.713D-10
   61.200000    2.3883332882782D-08  2.704D-10
   61.250000    2.3805442635199D-08  2.695D-10
   61.300000    2.3727869652736D-08  2.686D-10
   61.350000    2.3650612387466D-08  2.677D-10
   61.400000    2.3573669299771D-08  2.669D-10
   61.450000    2.3497038856267D-08  2.660D-10
   61.500000    2.3420719536035D-08  2.651D-10
   61.550000    2.3344709822314D-08  2.643D-10
   61.600000    2.3269008208729D-08  2.634D-10
   61.650000    2.3193613199294D-08  2.626D-10
   61.700000    2.3118523306335D-08  2.617D-10
   61.750000    2.3043737046332D-08  2.609D-10
   61.800000    2.2969252948232D-08  2.600D-10
   61.850000    2.2895069549291D-08  2.592D-10
   61.900000    2.2821185393002D-08  2.583D-10
   61.950000    2.2747599031166D-08  2.575D-10
   62.000000    2.2674309025972D-08  2.567D-10
   62.050000    2.2601313947921D-08  2.559D-10
   62.100000    2.2528612369591D-08  2.550D-10
   62.150000    2.2456202880184D-08  2.542D-10
   62.200000    2.2384084070976D-08  2.534D-10
   62.250000    2.2312254541557D-08  2.526D-10
   62.300000    2.2240712903980D-08  2.518D-10
   62.350000    2.2169457770302D-08  2.510D-10
   62.400000    2.2098487769198D-08  2.502D-10
   62.450000    2.2027801529346D-08  2.494D-10
   62.500000    2.1957397691887D-08  2.486D-10
   62.550000    2.1887274902121D-08  2.478D-10
   62.600000    2.1817431817811D-08  2.470D-10
   62.650000    2.1747867100877D-08  2.462D-10
   62.700000    2.1678579417396D-08  2.454D-10
   62.750000    2.1609567447985D-08  2.446D-10
   62.800000    2.1540829877420D-08  2.439D-10
   62.850000    2.1472365394630D-08  2.431D-10
   62.900000    2.1404172701013D-08  2.423D-10
   62.950000    2.1336250504198D-08  2.415D-10
   63.000000    2.1268597513891D-08  2.408D-10
   63.050000    2.1201212452267D-08  2.400D-10
   63.100000    2.1134094047732D-08  2.392D-10
   63.150000    2.1067241032847D-08  2.385D-10
   63.200000    2.1000652152643D-08  2.377D-10
   63.250000    2.0934326154224D-08  2.370D-10
   63.300000    2.0868261793007D-08  2.362D-10
   63.350000    2.0802457832720D-08  2.355D-10
   63.400000    2.0736913041247D-08  2.348D-10
   63.450000    2.0671626194781D-08  2.340D-10
   63.500000    2.0606596075751D-08  2.333D-10
   63.550000    2.0541821476970D-08  2.325D-10
   63.600000    2.0477301189179D-08  2.318D-10
   63.650000    2.0413034019736D-08  2.311D-10
   63.700000    2.0349018776001D-08  2.304D-10
   63.750000    2.0285254273646D-08  2.296D-10
   63.800000    2.0221739334574D-08  2.289D-10
   63.850000    2.0158472788999D-08  2.282D-10
   63.900000    2.0095453473370D-08  2.275D-10
   63.950000    2.0032680226213D-08  2.268D-10
   64.000000    1.9970151896442D-08  2.261D-10
   64.050000    1.9907867339203D-08  2.254D-10
   64.100000    1.9845825415878D-08  2.247D-10
   64.150000    1.9784024989926D-08  2.240D-10
   64.200000    1.9722464937270D-08  2.233D-10
   64.250000    1.9661144133835D-08  2.226D-10
   64.300000    1.9600061468013D-08  2.219D-10
   64.350000    1.9539215828194D-08  2.212D-10
   64.400000    1.9478606113158D-08  2.205D-10
   64.450000    1.9418231223762D-08  2.198D-10
   64.500000    1.9358090073331D-08  2.191D-10
   64.550000    1.9298181573110D-08  2.185D-10
   64.600000    1.9238504644733D-08  2.178D-10
   64.650000    1.9179058216069D-08  2.171D-10
   64.700000    1.9119841219140D-08  2.164D-10
   64.750000    1.9060852592204D-08  2.158D-10
   64.800000    1.9002091277672D-08  2.151D-10
   64.850000    1.8943556226266D-08  2.145D-10
   64.900000    1.8885246394944D-08  2.138D-10
   64.950000    1.8827160742737D-08  2.131D-10
   65.000000    1.8769298236993D-08  2.125D-10
   65.050000    1.8711657849209D-08  2.118D-10
   65.100000    1.8654238557120D-08  2.112D-10
   65.150000    1.8597039342615D-08  2.105D-10
   65.200000    1.8540059197970D-08  2.099D-10
   65.250000    1.8483297113386D-08  2.092D-10
   65.300000    1.8426752089450D-08  2.086D-10
   65.350000    1.8370423130908D-08  2.080D-10
   65.400000    1.8314309248734D-08  2.073D-10
   65.450000    1.8258409458063D-08  2.067D-10
   65.500000    1.8202722776104D-08  2.061D-10
   65.550000    1.8147248234612D-08  2.054D-10
   65.600000    1.8091984859108D-08  2.048D-10
   65.650000    1.8036931687579D-08  2.042D-10
   65.700000    1.7982087764246D-08  2.036D-10
   65.750000    1.7927452131253D-08  2.029D-10
   65.800000    1.7873023841130D-08  2.023D-10
   65.850000    1.7818801952643D-08  2.017D-10
   65.900000    1.7764785524556D-08  2.011D-10
   65.950000    1.7710973623946D-08  2.005D-10
   66.000000    1.7657365322044D-08  1.999D-10
   66.050000    1.7603959696315D-08  1.993D-10
   66.100000    1.7550755828378D-08  1.987D-10
   66.150000    1.7497752801931D-08  1.981D-10
   66.200000    1.7444949708983D-08  1.975D-10
   66.250000    1.7392345645698D-08  1.969D-10
   66.300000    1.7339939714474D-08  1.963D-10
   66.350000    1.7287731015630D-08  1.957D-10
   66.400000    1.7235718661952D-08  1.951D-10
   66.450000    1.7183901768305D-08  1.945D-10
   66.500000    1.7132279453707D-08  1.939D-10
   66.550000    1.7080850841333D-08  1.934D-10
   66.600000    1.7029615058515D-08  1.928D-10
   66.650000    1.6978571242970D-08  1.922D-10
   66.700000    1.6927718526184D-08  1.916D-10
   66.750000    1.6877056054189D-08  1.911D-10
   66.800000    1.6826582973012D-08  1.905D-10
   66.850000    1.6776298432841D-08  1.899D-10
   66.900000    1.6726201590094D-08  1.893D-10
   66.950000    1.6676291603266D-08  1.888D-10
   67.000000    1.6626567637089D-08  1.882D-10
   67.050000    1.6577028860447D-08  1.877D-10
   67.100000    1.6527674448458D-08  1.871D-10
   67.150000    1.6478503574164D-08  1.865D-10
   67.200000    1.6429515420993D-08  1.860D-10
   67.250000    1.6380709176530D-08  1.854D-10
   67.300000    1.6332084030439D-08  1.849D-10
   67.350000    1.6283639174460D-08  1.843D-10
   67.400000    1.6235373808643D-08  1.838D-10
   67.450000    1.6187287135118D-08  1.832D-10
   67.500000    1.6139378360170D-08  1.827D-10
   67.550000    1.6091646696317D-08  1.822D-10
   67.600000    1.6044091356076D-08  1.816D-10
   67.650000    1.5996711562354D-08  1.811D-10
   67.700000    1.5949506533903D-08  1.806D-10
   67.750000    1.5902475497783D-08  1.800D-10
   67.800000    1.5855617689370D-08  1.795D-10
   67.850000    1.5808932337801D-08  1.790D-10
   67.900000    1.5762418686762D-08  1.784D-10
   67.950000    1.5716075977859D-08  1.779D-10
   68.000000    1.5669903456853D-08  1.774D-10
   68.050000    1.5623900373662D-08  1.769D-10
   68.100000    1.5578065982360D-08  1.764D-10
   68.150000    1.5532399545329D-08  1.758D-10
   68.200000    1.5486900318721D-08  1.753D-10
   68.250000    1.5441567573230D-08  1.748D-10
   68.300000    1.5396400575396D-08  1.743D-10
   68.350000    1.5351398600069D-08  1.738D-10
   68.400000    1.5306560924177D-08  1.733D-10
   68.450000    1.5261886828804D-08  1.728D-10
   68.500000    1.5217375597112D-08  1.723D-10
   68.550000    1.5173026516417D-08  1.718D-10
   68.600000    1.5128838880270D-08  1.713D-10
   68.650000    1.5084811984299D-08  1.708D-10
   68.700000    1.5040945124131D-08  1.703D-10
   68.750000    1.4997237605783D-08  1.698D-10
   68.800000    1.4953688735272D-08  1.693D-10
   68.850000    1.4910297818615D-08  1.688D-10
   68.900000    1.4867064172218D-08  1.683D-10
   68.950000    1.4823987110407D-08  1.678D-10
   69.000000    1.4781065953745D-08  1.673D-10
   69.050000    1.4738300024869D-08  1.668D-10
   69.100000    1.4695688652652D-08  1.664D-10
   69.150000    1.4653231168044D-08  1.659D-10
   69.200000    1.4610926899917D-08  1.654D-10
   69.250000    1.4568775189610D-08  1.649D-10
   69.300000    1.4526775374305D-08  1.645D-10
   69.350000    1.4484926801575D-08  1.640D-10
   69.400000    1.4443228814835D-08  1.635D-10
   69.450000    1.4401680765814D-08  1.630D-10
   69.500000    1.4360282006239D-08  1.626D-10
   69.550000    1.4319031896148D-08  1.621D-10
   69.600000    1.4277929791424D-08  1.616D-10
   69.650000    1.4236975060416D-08  1.612D-10
   69.700000    1.4196167065242D-08  1.607D-10
   69.750000    1.4155505176328D-08  1.602D-10
   69.800000    1.4114988766179D-08  1.598D-10
   69.850000    1.4074617213534D-08  1.593D-10
   69.900000    1.4034389892975D-08  1.589D-10
   69.950000    1.3994306189474D-08  1.584D-10
   70.000000    1.3954365488003D-08  1.580D-10
   70.050000    1.3914567177689D-08  1.575D-10
   70.100000    1.3874910645580D-08  1.571D-10
   70.150000    1.3835395291194D-08  1.566D-10
   70.200000    1.3796020507813D-08  1.562D-10
   70.250000    1.3756785699108D-08  1.557D-10
   70.300000    1.3717690266673D-08  1.553D-10
   70.350000    1.3678733616257D-08  1.549D-10
   70.400000    1.3639915157766D-08  1.544D-10
   70.450000    1.3601234303181D-08  1.540D-10
   70.500000    1.3562690466562D-08  1.535D-10
   70.550000    1.3524283068205D-08  1.531D-10
   70.600000    1.3486011528402D-08  1.527D-10
   70.650000    1.3447875269524D-08  1.522D-10
   70.700000    1.3409873720177D-08  1.518D-10
   70.750000    1.3372006306887D-08  1.514D-10
   70.800000    1.3334272464492D-08  1.510D-10
   70.850000    1.3296671627831D-08  1.505D-10
   70.900000    1.3259203233818D-08  1.501D-10
   70.950000    1.3221866721448D-08  1.497D-10
   71.000000    1.3184661538025D-08  1.493D-10
   71.050000    1.3147587124621D-08  1.488D-10
   71.100000    1.3110642934773D-08  1.484D-10
   71.150000    1.3073828417863D-08  1.480D-10
   71.200000    1.3037143027430D-08  1.476D-10
   71.250000    1.3000586223246D-08  1.472D-10
   71.300000    1.2964157460924D-08  1.468D-10
   71.350000    1.2927856204393D-08  1.464D-10
   71.400000    1.2891681919657D-08  1.459D-10
   71.450000    1.2855634072720D-08  1.455D-10
   71.500000    1.2819712133743D-08  1.451D-10
   71.550000    1.2783915574963D-08  1.447D-10
   71.600000    1.2748243874851D-08  1.443D-10
   71.650000    1.2712696507724D-08  1.439D-10
   71.700000    1.2677272954130D-08  1.435D-10
   71.750000    1.2641972696695D-08  1.431D-10
   71.800000    1.2606795222203D-08  1.427D-10
   71.850000    1.2571740019512D-08  1.423D-10
   71.900000    1.2536806577484D-08  1.419D-10
   71.950000    1.2501994387055D-08  1.415D-10
   72.000000    1.2467302947476D-08  1.411D-10
   72.050000    1.2432731753838D-08  1.407D-10
   72.100000    1.2398280307469D-08  1.404D-10
   72.150000    1.2363948109696D-08  1.400D-10
   72.200000    1.2329734666000D-08  1.396D-10
   72.250000    1.2295639486020D-08  1.392D-10
   72.300000    1.2261662075238D-08  1.388D-10
   72.350000    1.2227801949524D-08  1.384D-10
   72.400000    1.2194058622672D-08  1.380D-10
   72.450000    1.2160431610554D-08  1.377D-10
   72.500000    1.2126920433196D-08  1.373D-10
   72.550000    1.2093524612702D-08  1.369D-10
   72.600000    1.2060243671176D-08  1.365D-10
   72.650000    1.2027077134879D-08  1.362D-10
   72.700000    1.1994024532149D-08  1.358D-10
   72.750000    1.1961085395478D-08  1.354D-10
   72.800000    1.1928259257361D-08  1.350D-10
   72.850000    1.1895545652368D-08  1.347D-10
   72.900000    1.1862944117147D-08  1.343D-10
   72.950000    1.1830454190427D-08  1.339D-10
   73.000000    1.1798075417166D-08  1.336D-10
   73.050000    1.1765807340247D-08  1.332D-10
   73.100000    1.1733649504629D-08  1.328D-10
   73.150000    1.1701601459430D-08  1.325D-10
   73.200000    1.1669662753762D-08  1.321D-10
   73.250000    1.1637832942977D-08  1.317D-10
   73.300000    1.1606111580345D-08  1.314D-10
   73.350000    1.1574498221214D-08  1.310D-10
   73.400000    1.1542992429245D-08  1.307D-10
   73.450000    1.1511593759787D-08  1.303D-10
   73.500000    1.1480301780655D-08  1.300D-10
   73.550000    1.1449116055509D-08  1.296D-10
   73.600000    1.1418036150087D-08  1.293D-10
   73.650000    1.1387061636361D-08  1.289D-10
   73.700000    1.1356192082144D-08  1.286D-10
   73.750000    1.1325427065643D-08  1.282D-10
   73.800000    1.1294766160906D-08  1.279D-10
   73.850000    1.1264208941982D-08  1.275D-10
   73.900000    1.1233754993308D-08  1.272D-10
   73.950000    1.1203403893090D-08  1.268D-10
   74.000000    1.1173155225765D-08  1.265D-10
   74.050000    1.1143008577848D-08  1.261D-10
   74.100000    1.1112963533778D-08  1.258D-10
   74.150000    1.1083019686303D-08  1.255D-10
   74.200000    1.1053176624016D-08  1.251D-10
   74.250000    1.1023433943824D-08  1.248D-10
   74.300000    1.0993791236395D-08  1.245D-10
   74.350000    1.0964248100713D-08  1.241D-10
   74.400000    1.0934804133682D-08  1.238D-10
   74.450000    1.0905458940519D-08  1.235D-10
   74.500000    1.0876212122282D-08  1.231D-10
   74.550000    1.0847063280032D-08  1.228D-10
   74.600000    1.0818012023141D-08  1.225D-10
   74.650000    1.0789057960979D-08  1.221D-10
   74.700000    1.0760200700840D-08  1.218D-10
   74.750000    1.0731439856250D-08  1.215D-10
   74.800000    1.0702775040737D-08  1.212D-10
   74.850000    1.0674205869906D-08  1.208D-10
   74.900000    1.0645731961437D-08  1.205D-10
   74.950000    1.0617352930937D-08  1.202D-10
   75.000000    1.0589068404399D-08  1.199D-10
   75.050000    1.0560878001582D-08  1.196D-10
   75.100000    1.0532781346402D-08  1.192D-10
   75.150000    1.0504778066932D-08  1.189D-10
   75.200000    1.0476867789163D-08  1.186D-10
   75.250000    1.0449050145324D-08  1.183D-10
   75.300000    1.0421324763485D-08  1.180D-10
   75.350000    1.0393691277951D-08  1.177D-10
   75.400000    1.0366149325105D-08  1.174D-10
   75.450000    1.0338698539251D-08  1.170D-10
   75.500000    1.0311338558850D-08  1.167D-10
   75.550000    1.0284069024439D-08  1.164D-10
   75.600000    1.0256889576556D-08  1.161D-10
   75.650000    1.0229799859896D-08  1.158D-10
   75.700000    1.0202799517074D-08  1.155D-10
   75.750000    1.0175888194861D-08  1.152D-10
   75.800000    1.0149065544184D-08  1.149D-10
   75.850000    1.0122331209737D-08  1.146D-10
   75.900000    1.0095684848681D-08  1.143D-10
   75.950000    1.0069126107787D-08  1.140D-10
   76.000000    1.0042654646292D-08  1.137D-10
   76.050000    1.0016270117202D-08  1.134D-10
   76.100000    9.9899721818323D-09  1.131D-10
   76.150000    9.9637604931880D-09  1.128D-10
   76.200000    9.9376347188185D-09  1.125D-10
   76.250000    9.9115945158839D-09  1.122D-10
   76.300000    9.8856395519336D-09  1.119D-10
   76.350000    9.8597694903614D-09  1.116D-10
   76.400000    9.8339839987165D-09  1.113D-10
   76.450000    9.8082827445482D-09  1.110D-10
   76.500000    9.7826653995615D-09  1.107D-10
   76.550000    9.7571316333833D-09  1.105D-10
   76.600000    9.7316811197965D-09  1.102D-10
   76.650000    9.7063135346616D-09  1.099D-10
   76.700000    9.6810285517611D-09  1.096D-10
   76.750000    9.6558258490333D-09  1.093D-10
   76.800000    9.6307051064944D-09  1.090D-10
   76.850000    9.6056660041604D-09  1.087D-10
   76.900000    9.5807082220474D-09  1.085D-10
   76.950000    9.5558314464047D-09  1.082D-10
   77.000000    9.5310353593263D-09  1.079D-10
   77.050000    9.5063196491395D-09  1.076D-10
   77.100000    9.4816840000157D-09  1.073D-10
   77.150000    9.4571281044380D-09  1.071D-10
   77.200000    9.4326516528114D-09  1.068D-10
   77.250000    9.4082543355408D-09  1.065D-10
   77.300000    9.3839358451090D-09  1.062D-10
   77.350000    9.3596958760768D-09  1.060D-10
   77.400000    9.3355341250825D-09  1.057D-10
   77.450000    9.3114502908425D-09  1.054D-10
   77.500000    9.2874440720728D-09  1.051D-10
   77.550000    9.2635151654119D-09  1.049D-10
   77.600000    9.2396632758094D-09  1.046D-10
   77.650000    9.2158881019815D-09  1.043D-10
   77.700000    9.1921893530335D-09  1.041D-10
   77.750000    9.1685667318372D-09  1.038D-10
   77.800000    9.1450199433420D-09  1.035D-10
   77.850000    9.1215487008090D-09  1.033D-10
   77.900000    9.0981527071097D-09  1.030D-10
   77.950000    9.0748316775829D-09  1.027D-10
   78.000000    9.0515853213337D-09  1.025D-10
   78.050000    9.0284133557786D-09  1.022D-10
   78.100000    9.0053154900227D-09  1.019D-10
   78.150000    8.9822914435602D-09  1.017D-10
   78.200000    8.9593409317297D-09  1.014D-10
   78.250000    8.9364636740255D-09  1.012D-10
   78.300000    8.9136593899416D-09  1.009D-10
   78.350000    8.8909277989723D-09  1.007D-10
   78.400000    8.8682686247673D-09  1.004D-10
   78.450000    8.8456815909766D-09  1.001D-10
   78.500000    8.8231664212498D-09  9.988D-11
   78.550000    8.8007228413144D-09  9.963D-11
   78.600000    8.7783505768982D-09  9.938D-11
   78.650000    8.7560493578843D-09  9.912D-11
   78.700000    8.7338189162337D-09  9.887D-11
   78.750000    8.7116589776739D-09  9.862D-11
   78.800000    8.6895692762437D-09  9.837D-11
   78.850000    8.6675495439042D-09  9.812D-11
   78.900000    8.6455995188497D-09  9.787D-11
   78.950000    8.6237189309634D-09  9.763D-11
   79.000000    8.6019075205175D-09  9.738D-11
   79.050000    8.5801650236285D-09  9.713D-11
   79.100000    8.5584911805687D-09  9.689D-11
   79.150000    8.5368857295324D-09  9.664D-11
   79.200000    8.5153484128697D-09  9.640D-11
   79.250000    8.4938789708526D-09  9.616D-11
   79.300000    8.4724771520647D-09  9.591D-11
   79.350000    8.4511426947002D-09  9.567D-11
   79.400000    8.4298753494204D-09  9.543D-11
   79.450000    8.4086748606531D-09  9.519D-11
   79.500000    8.3875409769816D-09  9.495D-11
   79.550000    8.3664734469894D-09  9.471D-11
   79.600000    8.3454720213376D-09  9.448D-11
   79.650000    8.3245364506875D-09  9.424D-11
   79.700000    8.3036664898558D-09  9.400D-11
   79.750000    8.2828618895038D-09  9.377D-11
   79.800000    8.2621224023703D-09  9.353D-11
   79.850000    8.2414477895057D-09  9.330D-11
   79.900000    8.2208378036490D-09  9.306D-11
   79.950000    8.2002922037724D-09  9.283D-11
   80.000000    8.1798107488486D-09  9.260D-11
   80.050000    8.1593931957719D-09  9.237D-11
   80.100000    8.1390393097484D-09  9.214D-11
   80.150000    8.1187488518281D-09  9.191D-11
   80.200000    8.0985215830613D-09  9.168D-11
   80.250000    8.0783572686538D-09  9.145D-11
   80.300000    8.0582556717336D-09  9.122D-11
   80.350000    8.0382165616622D-09  9.100D-11
   80.400000    8.0182397036453D-09  9.077D-11
   80.450000    7.9983248670445D-09  9.055D-11
   80.500000    7.9784718191432D-09  9.032D-11
   80.550000    7.9586803293030D-09  9.010D-11
   80.600000    7.9389501710408D-09  8.987D-11
   80.650000    7.9192811157960D-09  8.965D-11
   80.700000    7.8996729350077D-09  8.943D-11
   80.750000    7.8801254063486D-09  8.921D-11
   80.800000    7.8606383012579D-09  8.899D-11
   80.850000    7.8412113953305D-09  8.877D-11
   80.900000    7.8218444703946D-09  8.855D-11
   80.950000    7.8025372978894D-09  8.833D-11
   81.000000    7.7832896617211D-09  8.811D-11
   81.050000    7.7641013395623D-09  8.789D-11
   81.100000    7.7449721132412D-09  8.768D-11
   81.150000    7.7259017645861D-09  8.746D-11
   81.200000    7.7068900733474D-09  8.725D-11
   81.250000    7.6879368275869D-09  8.703D-11
   81.300000    7.6690418070550D-09  8.682D-11
   81.350000    7.6502048018911D-09  8.660D-11
   81.400000    7.6314255960014D-09  8.639D-11
   81.450000    7.6127039774476D-09  8.618D-11
   81.500000    7.5940397322134D-09  8.597D-11
   81.550000    7.5754326525162D-09  8.576D-11
   81.600000    7.5568825284956D-09  8.555D-11
   81.650000    7.5383891482131D-09  8.534D-11
   81.700000    7.5199523059639D-09  8.513D-11
   81.750000    7.5015717918874D-09  8.492D-11
   81.800000    7.4832474023567D-09  8.471D-11
   81.850000    7.4649789316668D-09  8.451D-11
   81.900000    7.4467661720349D-09  8.430D-11
   81.950000    7.4286089239897D-09  8.410D-11
   82.000000    7.4105069797483D-09  8.389D-11
   82.050000    7.3924601419173D-09  8.369D-11
   82.100000    7.3744682089473D-09  8.348D-11
   82.150000    7.3565309772112D-09  8.328D-11
   82.200000    7.3386482493153D-09  8.308D-11
   82.250000    7.3208198257882D-09  8.288D-11
   82.300000    7.3030455113140D-09  8.267D-11
   82.350000    7.2853251064214D-09  8.247D-11
   82.400000    7.2676584157943D-09  8.227D-11
   82.450000    7.2500452420392D-09  8.207D-11
   82.500000    7.2324853960736D-09  8.188D-11
   82.550000    7.2149786784261D-09  8.168D-11
   82.600000    7.1975249000143D-09  8.148D-11
   82.650000    7.1801238676001D-09  8.128D-11
   82.700000    7.1627753900234D-09  8.109D-11
   82.750000    7.1454792782016D-09  8.089D-11
   82.800000    7.1282353388967D-09  8.070D-11
   82.850000    7.1110433871820D-09  8.050D-11
   82.900000    7.0939032339750D-09  8.031D-11
   82.950000    7.0768146922711D-09  8.011D-11
   83.000000    7.0597775750658D-09  7.992D-11
   83.050000    7.0427916974322D-09  7.973D-11
   83.100000    7.0258568744436D-09  7.954D-11
   83.150000    7.0089729211731D-09  7.935D-11
   83.200000    6.9921396547717D-09  7.915D-11
   83.250000    6.9753568923905D-09  7.896D-11
   83.300000    6.9586244553362D-09  7.878D-11
   83.350000    6.9419421586818D-09  7.859D-11
   83.400000    6.9253098216563D-09  7.840D-11
   83.450000    6.9087272697220D-09  7.821D-11
   83.500000    6.8921943200297D-09  7.802D-11
   83.550000    6.8757107980419D-09  7.784D-11
   83.600000    6.8592765229873D-09  7.765D-11
   83.650000    6.8428913182504D-09  7.747D-11
   83.700000    6.8265550113713D-09  7.728D-11
   83.750000    6.8102674257344D-09  7.710D-11
   83.800000    6.7940283868019D-09  7.691D-11
   83.850000    6.7778377221141D-09  7.673D-11
   83.900000    6.7616952571331D-09  7.655D-11
   83.950000    6.7456008214768D-09  7.636D-11
   84.000000    6.7295542426853D-09  7.618D-11
   84.050000    6.7135553503765D-09  7.600D-11
   84.100000    6.6976039741683D-09  7.582D-11
   84.150000    6.6816999457565D-09  7.564D-11
   84.200000    6.6658430947588D-09  7.546D-11
   84.250000    6.6500332570267D-09  7.528D-11
   84.300000    6.6342702601001D-09  7.510D-11
   84.350000    6.6185539439862D-09  7.493D-11
   84.400000    6.6028841362249D-09  7.475D-11
   84.450000    6.5872606768233D-09  7.457D-11
   84.500000    6.5716833995548D-09  7.440D-11
   84.550000    6.5561521381929D-09  7.422D-11
   84.600000    6.5406667348226D-09  7.404D-11
   84.650000    6.5252270232171D-09  7.387D-11
   84.700000    6.5098328433837D-09  7.370D-11
   84.750000    6.4944840332513D-09  7.352D-11
   84.800000    6.4791804328269D-09  7.335D-11
   84.850000    6.4639218841954D-09  7.318D-11
   84.900000    6.4487082252859D-09  7.300D-11
   84.950000    6.4335392981832D-09  7.283D-11
   85.000000    6.4184149470498D-09  7.266D-11
   85.050000    6.4033350139706D-09  7.249D-11
   85.100000    6.3882993431081D-09  7.232D-11
   85.150000    6.3733077765471D-09  7.215D-11
   85.200000    6.3583601605281D-09  7.198D-11
   85.250000    6.3434563412915D-09  7.181D-11
   85.300000    6.3285961629998D-09  7.164D-11
   85.350000    6.3137794739713D-09  7.148D-11
   85.400000    6.2990061204463D-09  7.131D-11
   85.450000    6.2842759528211D-09  7.114D-11
   85.500000    6.2695888152580D-09  7.098D-11
   85.550000    6.2549445623089D-09  7.081D-11
   85.600000    6.2403430402142D-09  7.064D-11
   85.650000    6.2257840993698D-09  7.048D-11
   85.700000    6.2112675922496D-09  7.032D-11
   85.750000    6.1967933713276D-09  7.015D-11
   85.800000    6.1823612869997D-09  6.999D-11
   85.850000    6.1679711917399D-09  6.982D-11
   85.900000    6.1536229421776D-09  6.966D-11
   85.950000    6.1393163887088D-09  6.950D-11
   86.000000    6.1250513879631D-09  6.934D-11
   86.050000    6.1108277965700D-09  6.918D-11
   86.100000    6.0966454670033D-09  6.902D-11
   86.150000    6.0825042579704D-09  6.886D-11
   86.200000    6.0684040240229D-09  6.870D-11
   86.250000    6.0543446280238D-09  6.854D-11
   86.300000    6.0403259224469D-09  6.838D-11
   86.350000    6.0263477680774D-09  6.822D-11
   86.400000    6.0124100257005D-09  6.806D-11
   86.450000    5.9985125540234D-09  6.791D-11
   86.500000    5.9846552138313D-09  6.775D-11
   86.550000    5.9708378638314D-09  6.759D-11
   86.600000    5.9570603689646D-09  6.744D-11
   86.650000    5.9433225900161D-09  6.728D-11
   86.700000    5.9296243898487D-09  6.713D-11
   86.750000    5.9159656313254D-09  6.697D-11
   86.800000    5.9023461773092D-09  6.682D-11
   86.850000    5.8887658948186D-09  6.666D-11
   86.900000    5.8752246467167D-09  6.651D-11
   86.950000    5.8617222979442D-09  6.636D-11
   87.000000    5.8482587155196D-09  6.621D-11
   87.050000    5.8348337664617D-09  6.605D-11
   87.100000    5.8214473177889D-09  6.590D-11
   87.150000    5.8080992365199D-09  6.575D-11
   87.200000    5.7947893896733D-09  6.560D-11
   87.250000    5.7815176484233D-09  6.545D-11
   87.300000    5.7682838797884D-09  6.530D-11
   87.350000    5.7550879549430D-09  6.515D-11
   87.400000    5.7419297429835D-09  6.500D-11
   87.450000    5.7288091130062D-09  6.485D-11
   87.500000    5.7157259403410D-09  6.471D-11
   87.550000    5.7026800940844D-09  6.456D-11
   87.600000    5.6896714474884D-09  6.441D-11
   87.650000    5.6766998738051D-09  6.426D-11
   87.700000    5.6637652442086D-09  6.412D-11
   87.750000    5.6508674340290D-09  6.397D-11
   87.800000    5.6380063185960D-09  6.383D-11
   87.850000    5.6251817690838D-09  6.368D-11
   87.900000    5.6123936649781D-09  6.354D-11
   87.950000    5.5996418795308D-09  6.339D-11
   88.000000    5.5869262901496D-09  6.325D-11
   88.050000    5.5742467721645D-09  6.310D-11
   88.100000    5.5616032050610D-09  6.296D-11
   88.150000    5.5489954662467D-09  6.282D-11
   88.200000    5.5364234310515D-09  6.268D-11
   88.250000    5.5238869810388D-09  6.253D-11
   88.300000    5.5113859956941D-09  6.239D-11
   88.350000    5.4989203524251D-09  6.225D-11
   88.400000    5.4864899327951D-09  6.211D-11
   88.450000    5.4740946183674D-09  6.197D-11
   88.500000    5.4617342886277D-09  6.183D-11
   88.550000    5.4494088251391D-09  6.169D-11
   88.600000    5.4371181115430D-09  6.155D-11
   88.650000    5.4248620273248D-09  6.141D-11
   88.700000    5.4126404602813D-09  6.127D-11
   88.750000    5.4004532878202D-09  6.114D-11
   88.800000    5.3883003998162D-09  6.100D-11
   88.850000    5.3761816757548D-09  6.086D-11
   88.900000    5.3640970034327D-09  6.072D-11
   88.950000    5.3520462685690D-09  6.059D-11
   89.000000    5.3400293527270D-09  6.045D-11
   89.050000    5.3280461457814D-09  6.032D-11
   89.100000    5.3160965334511D-09  6.018D-11
   89.150000    5.3041804035329D-09  6.005D-11
   89.200000    5.2922976417459D-09  5.991D-11
   89.250000    5.2804481379646D-09  5.978D-11
   89.300000    5.2686317779081D-09  5.964D-11
   89.350000    5.2568484535288D-09  5.951D-11
   89.400000    5.2450980526235D-09  5.938D-11
   89.450000    5.2333804629891D-09  5.924D-11
   89.500000    5.2216955765779D-09  5.911D-11
   89.550000    5.2100432853425D-09  5.898D-11
   89.600000    5.1984234791575D-09  5.885D-11
   89.650000    5.1868360478975D-09  5.872D-11
   89.700000    5.1752808835150D-09  5.859D-11
   89.750000    5.1637578821180D-09  5.846D-11
   89.800000    5.1522669315035D-09  5.833D-11
   89.850000    5.1408079257016D-09  5.820D-11
   89.900000    5.1293807608205D-09  5.807D-11
   89.950000    5.1179853288127D-09  5.794D-11
   90.000000    5.1066215257862D-09  5.781D-11
   90.050000    5.0952892416157D-09  5.768D-11
   90.100000    5.0839883786428D-09  5.755D-11
   90.150000    5.0727188246642D-09  5.743D-11
   90.200000    5.0614804820216D-09  5.730D-11
   90.250000    5.0502732447453D-09  5.717D-11
   90.300000    5.0390970089433D-09  5.705D-11
   90.350000    5.0279516707237D-09  5.692D-11
   90.400000    5.0168371303504D-09  5.679D-11
   90.450000    5.0057532860093D-09  5.667D-11
   90.500000    4.9947000317305D-09  5.654D-11
   90.550000    4.9836772677779D-09  5.642D-11
   90.600000    4.9726848964932D-09  5.629D-11
   90.650000    4.9617228160621D-09  5.617D-11
   90.700000    4.9507909267485D-09  5.605D-11
   90.750000    4.9398891267384D-09  5.592D-11
   90.800000    4.9290173183732D-09  5.580D-11
   90.850000    4.9181754019168D-09  5.568D-11
   90.900000    4.9073632776328D-09  5.555D-11
   90.950000    4.8965808499408D-09  5.543D-11
   91.000000    4.8858280211823D-09  5.531D-11
   91.050000    4.8751046916211D-09  5.519D-11
   91.100000    4.8644107635987D-09  5.507D-11
   91.150000    4.8537461436124D-09  5.495D-11
   91.200000    4.8431107340038D-09  5.483D-11
   91.250000    4.8325044371144D-09  5.471D-11
   91.300000    4.8219271594415D-09  5.459D-11
   91.350000    4.8113788054046D-09  5.447D-11
   91.400000    4.8008592794229D-09  5.435D-11
   91.450000    4.7903684859160D-09  5.423D-11
   91.500000    4.7799063334589D-09  5.411D-11
   91.550000    4.7694727285488D-09  5.399D-11
   91.600000    4.7590675735273D-09  5.388D-11
   91.650000    4.7486907790474D-09  5.376D-11
   91.700000    4.7383422516062D-09  5.364D-11
   91.750000    4.7280218997788D-09  5.352D-11
   91.800000    4.7177296300625D-09  5.341D-11
   91.850000    4.7074653489545D-09  5.329D-11
   91.900000    4.6972289691855D-09  5.318D-11
   91.950000    4.6870203993306D-09  5.306D-11
   92.000000    4.6768395458870D-09  5.294D-11
   92.050000    4.6666863195076D-09  5.283D-11
   92.100000    4.6565606308453D-09  5.271D-11
   92.150000    4.6464623926309D-09  5.260D-11
   92.200000    4.6363915113615D-09  5.249D-11
   92.250000    4.6263479018458D-09  5.237D-11
   92.300000    4.6163314726587D-09  5.226D-11
   92.350000    4.6063421365311D-09  5.215D-11
   92.400000    4.5963798061936D-09  5.203D-11
   92.450000    4.5864443943769D-09  5.192D-11
   92.500000    4.5765358117340D-09  5.181D-11
   92.550000    4.5666539730733D-09  5.170D-11
   92.600000    4.5567987932036D-09  5.159D-11
   92.650000    4.5469701827775D-09  5.147D-11
   92.700000    4.5371680586816D-09  5.136D-11
   92.750000    4.5273923336466D-09  5.125D-11
   92.800000    4.5176429204030D-09  5.114D-11
   92.850000    4.5079197399931D-09  5.103D-11
   92.900000    4.4982227009919D-09  5.092D-11
   92.950000    4.4885517244414D-09  5.081D-11
   93.000000    4.4789067230723D-09  5.070D-11
   93.050000    4.4692876137710D-09  5.059D-11
   93.100000    4.4596943134238D-09  5.049D-11
   93.150000    4.4501267409951D-09  5.038D-11
   93.200000    4.4405848112933D-09  5.027D-11
   93.250000    4.4310684412049D-09  5.016D-11
   93.300000    4.4215775517718D-09  5.005D-11
   93.350000    4.4121120578026D-09  4.995D-11
   93.400000    4.4026718803394D-09  4.984D-11
   93.450000    4.3932569362685D-09  4.973D-11
   93.500000    4.3838671466320D-09  4.963D-11
   93.550000    4.3745024283162D-09  4.952D-11
   93.600000    4.3651627044411D-09  4.942D-11
   93.650000    4.3558478918929D-09  4.931D-11
   93.700000    4.3465579117138D-09  4.921D-11
   93.750000    4.3372926849458D-09  4.910D-11
   93.800000    4.3280521347087D-09  4.900D-11
   93.850000    4.3188361778890D-09  4.889D-11
   93.900000    4.3096447376064D-09  4.879D-11
   93.950000    4.3004777369809D-09  4.868D-11
   94.000000    4.2913350970545D-09  4.858D-11
   94.050000    4.2822167409471D-09  4.848D-11
   94.100000    4.2731225897007D-09  4.837D-11
   94.150000    4.2640525685131D-09  4.827D-11
   94.200000    4.2550065984261D-09  4.817D-11
   94.250000    4.2459846025598D-09  4.807D-11
   94.300000    4.2369865081897D-09  4.797D-11
   94.350000    4.2280122342799D-09  4.786D-11
   94.400000    4.2190617101839D-09  4.776D-11
   94.450000    4.2101348590214D-09  4.766D-11
   94.500000    4.2012316039124D-09  4.756D-11
   94.550000    4.1923518700546D-09  4.746D-11
   94.600000    4.1834955868013D-09  4.736D-11
   94.650000    4.1746626751946D-09  4.726D-11
   94.700000    4.1658530645878D-09  4.716D-11
   94.750000    4.1570666781008D-09  4.706D-11
   94.800000    4.1483034450870D-09  4.696D-11
   94.850000    4.1395632907440D-09  4.686D-11
   94.900000    4.1308461444253D-09  4.676D-11
   94.950000    4.1221519292506D-09  4.667D-11
   95.000000    4.1134805787291D-09  4.657D-11
   95.050000    4.1048320159806D-09  4.647D-11
   95.100000    4.0962061703584D-09  4.637D-11
   95.150000    4.0876029691381D-09  4.627D-11
   95.200000    4.0790223458288D-09  4.618D-11
   95.250000    4.0704642235502D-09  4.608D-11
   95.300000    4.0619285337336D-09  4.598D-11
   95.350000    4.0534152078101D-09  4.589D-11
   95.400000    4.0449241730554D-09  4.579D-11
   95.450000    4.0364553609006D-09  4.569D-11
   95.500000    4.0280087006990D-09  4.560D-11
   95.550000    4.0195841238820D-09  4.550D-11
   95.600000    4.0111815598027D-09  4.541D-11
   95.650000    4.0028009398924D-09  4.531D-11
   95.700000    3.9944421955824D-09  4.522D-11
   95.750000    3.9861052583038D-09  4.513D-11
   95.800000    3.9777900615656D-09  4.503D-11
   95.850000    3.9694965347212D-09  4.494D-11
   95.900000    3.9612246112797D-09  4.484D-11
   95.950000    3.9529742226722D-09  4.475D-11
   96.000000    3.9447453044856D-09  4.466D-11
   96.050000    3.9365377860732D-09  4.456D-11
   96.100000    3.9283516030220D-09  4.447D-11
   96.150000    3.9201866888409D-09  4.438D-11
   96.200000    3.9120429770390D-09  4.429D-11
   96.250000    3.9039204011253D-09  4.419D-11
   96.300000    3.8958188946088D-09  4.410D-11
   96.350000    3.8877383930764D-09  4.401D-11
   96.400000    3.8796788300372D-09  4.392D-11
   96.450000    3.8716401431557D-09  4.383D-11
   96.500000    3.8636222638633D-09  4.374D-11
   96.550000    3.8556251298246D-09  4.365D-11
   96.600000    3.8476486766264D-09  4.356D-11
   96.650000    3.8396928398557D-09  4.347D-11
   96.700000    3.8317575550993D-09  4.338D-11
   96.750000    3.8238427579440D-09  4.329D-11
   96.800000    3.8159483860546D-09  4.320D-11
   96.850000    3.8080743770957D-09  4.311D-11
   96.900000    3.8002206687321D-09  4.302D-11
   96.950000    3.7923871944728D-09  4.293D-11
   97.000000    3.7845738940603D-09  4.284D-11
   97.050000    3.7767807051592D-09  4.276D-11
   97.100000    3.7690075654344D-09  4.267D-11
   97.150000    3.7612544146282D-09  4.258D-11
   97.200000    3.7535211883277D-09  4.249D-11
   97.250000    3.7458078262753D-09  4.240D-11
   97.300000    3.7381142682135D-09  4.232D-11
   97.350000    3.7304404518071D-09  4.223D-11
   97.400000    3.7227863167985D-09  4.214D-11
   97.450000    3.7151518029303D-09  4.206D-11
   97.500000    3.7075368499451D-09  4.197D-11
   97.550000    3.6999413975853D-09  4.189D-11
   97.600000    3.6923653855935D-09  4.180D-11
   97.650000    3.6848087537123D-09  4.171D-11
   97.700000    3.6772714437619D-09  4.163D-11
   97.750000    3.6697533954849D-09  4.154D-11
   97.800000    3.6622545507018D-09  4.146D-11
   97.850000    3.6547748512327D-09  4.137D-11
   97.900000    3.6473142347425D-09  4.129D-11
   97.950000    3.6398726492850D-09  4.121D-11
   98.000000    3.6324500304471D-09  4.112D-11
   98.050000    3.6250463221270D-09  4.104D-11
   98.100000    3.6176614682228D-09  4.095D-11
   98.150000    3.6102954105549D-09  4.087D-11
   98.200000    3.6029480909438D-09  4.079D-11
   98.250000    3.5956194512097D-09  4.070D-11
   98.300000    3.5883094373287D-09  4.062D-11
   98.350000    3.5810179911212D-09  4.054D-11
   98.400000    3.5737450544075D-09  4.046D-11
   98.450000    3.5664905731636D-09  4.037D-11
   98.500000    3.5592544892100D-09  4.029D-11
   98.550000    3.5520367485227D-09  4.021D-11
   98.600000    3.5448372929219D-09  4.013D-11
   98.650000    3.5376560704617D-09  4.005D-11
   98.700000    3.5304930229624D-09  3.997D-11
   98.750000    3.5233480943221D-09  3.989D-11
   98.800000    3.5162212325947D-09  3.981D-11
   98.850000    3.5091123816785D-09  3.973D-11
   98.900000    3.5020214875494D-09  3.964D-11
   98.950000    3.4949484941057D-09  3.956D-11
   99.000000    3.4878933494012D-09  3.948D-11
   99.050000    3.4808559973342D-09  3.941D-11
   99.100000    3.4738363838807D-09  3.933D-11
   99.150000    3.4668344570945D-09  3.925D-11
   99.200000    3.4598501629517D-09  3.917D-11
   99.250000    3.4528834495061D-09  3.909D-11
   99.300000    3.4459342606560D-09  3.901D-11
   99.350000    3.4390025465331D-09  3.893D-11
   99.400000    3.4320882531134D-09  3.885D-11
   99.450000    3.4251913263728D-09  3.878D-11
   99.500000    3.4183117164433D-09  3.870D-11
