
variables = "r", "tA(r)", "Uncertainty"
zone T = "State 2 qA(r)  66N16p6q3Rf4_40_C6fr"

    1.500000   -1.5591366419517D-04  1.479D-05
    1.562500   -1.4938123780915D-04  1.417D-05
    1.625000   -1.4262218365487D-04  1.353D-05
    1.687500   -1.3567215861203D-04  1.287D-05
    1.750000   -1.2856881138586D-04  1.220D-05
    1.812500   -1.2135114682364D-04  1.151D-05
    1.875000   -1.1405887405347D-04  1.082D-05
    1.937500   -1.0673175756490D-04  1.013D-05
    2.000000   -9.9408989675079D-05  9.432D-06
    2.062500   -9.2128601318217D-05  8.741D-06
    2.125000   -8.4926925885579D-05  8.058D-06
    2.187500   -7.7838128091041D-05  7.385D-06
    2.250000   -7.0893806733583D-05  6.726D-06
    2.312500   -6.4122676968189D-05  6.084D-06
    2.375000   -5.7550334469959D-05  5.460D-06
    2.437500   -5.1199100849805D-05  4.858D-06
    2.500000   -4.5087946990375D-05  4.278D-06
    2.562500   -3.9232488716736D-05  3.722D-06
    2.625000   -3.3645047457713D-05  3.192D-06
    2.687500   -2.8334767312300D-05  2.688D-06
    2.750000   -2.3307779199754D-05  2.211D-06
    2.812500   -1.8567402502646D-05  1.762D-06
    2.875000   -1.4114374750305D-05  1.339D-06
    2.937500   -9.9471003640680D-06  9.438D-07
    3.000000   -6.0619102181364D-06  5.752D-07
    3.062500   -2.4533246837823D-06  2.328D-07
    3.125000    8.8568615200453D-07  8.403D-08
    3.187500    3.9634503330423D-06  3.761D-07
    3.250000    6.7893541233789D-06  6.442D-07
    3.312500    9.3736175048175D-06  8.894D-07
    3.375000    1.1727087315506D-05  1.113D-06
    3.437500    1.3861049431114D-05  1.315D-06
    3.500000    1.5787060670955D-05  1.498D-06
    3.562500    1.7516800508372D-05  1.662D-06
    3.625000    1.9061942175758D-05  1.809D-06
    3.687500    2.0434042373097D-05  1.939D-06
    3.750000    2.1644448505443D-05  2.054D-06
    3.812500    2.2704222177828D-05  2.154D-06
    3.875000    2.3624077553517D-05  2.241D-06
    3.937500    2.4414333121081D-05  2.316D-06
    4.000000    2.5084875405670D-05  2.380D-06
    4.062500    2.5645133189242D-05  2.433D-06
    4.125000    2.6104060863768D-05  2.477D-06
    4.187500    2.6470129622026D-05  2.511D-06
    4.250000    2.6751325285450D-05  2.538D-06
    4.312500    2.6955151671717D-05  2.558D-06
    4.375000    2.7088638511472D-05  2.570D-06
    4.437500    2.7158353030286D-05  2.577D-06
    4.500000    2.7170414415602D-05  2.578D-06
    4.562500    2.7130510487172D-05  2.574D-06
    4.625000    2.7043915981852D-05  2.566D-06
    4.687500    2.6915511948792D-05  2.554D-06
    4.750000    2.6749805828553D-05  2.538D-06
    4.812500    2.6550951859408D-05  2.519D-06
    4.875000    2.6322771516203D-05  2.498D-06
    4.937500    2.6068773741882D-05  2.473D-06
    5.000000    2.5792174779634D-05  2.447D-06
    5.062500    2.5495917455094D-05  2.419D-06
    5.125000    2.5182689793566D-05  2.389D-06
    5.187500    2.4854942887576D-05  2.358D-06
    5.250000    2.4514907955570D-05  2.326D-06
    5.312500    2.4164612553961D-05  2.293D-06
    5.375000    2.3805895922325D-05  2.259D-06
    5.437500    2.3440423456023D-05  2.224D-06
    5.500000    2.3069700312120D-05  2.189D-06
    5.562500    2.2695084163730D-05  2.153D-06
    5.625000    2.2317797125091D-05  2.118D-06
    5.687500    2.1938936875131D-05  2.082D-06
    5.750000    2.1559487011305D-05  2.046D-06
    5.812500    2.1180326668233D-05  2.010D-06
    5.875000    2.0802239437489D-05  1.974D-06
    5.937500    2.0425921625832D-05  1.938D-06
    6.000000    2.0051989889483D-05  1.903D-06
    6.062500    1.9680988281803D-05  1.867D-06
    6.125000    1.9313394751100D-05  1.832D-06
    6.187500    1.8949627124305D-05  1.798D-06
    6.250000    1.8590048611055D-05  1.764D-06
    6.312500    1.8234972861327D-05  1.730D-06
    6.375000    1.7884668608264D-05  1.697D-06
    6.437500    1.7539363926243D-05  1.664D-06
    6.500000    1.7199250132615D-05  1.632D-06
    6.562500    1.6864485359917D-05  1.600D-06
    6.625000    1.6535197823730D-05  1.569D-06
    6.687500    1.6211488809756D-05  1.538D-06
    6.750000    1.5893435402176D-05  1.508D-06
    6.812500    1.5581092973816D-05  1.478D-06
    6.875000    1.5274497457252D-05  1.449D-06
    6.937500    1.4973667414612D-05  1.421D-06
    7.000000    1.4678605922533D-05  1.393D-06
    7.062500    1.4389302287533D-05  1.365D-06
    7.125000    1.4105733605884D-05  1.338D-06
    7.187500    1.3827866181008D-05  1.312D-06
    7.250000    1.3555656810410D-05  1.286D-06
    7.312500    1.3289053953208D-05  1.261D-06
    7.375000    1.3027998788458D-05  1.236D-06
    7.437500    1.2772426173648D-05  1.212D-06
    7.500000    1.2522265511962D-05  1.188D-06
    7.562500    1.2277441536262D-05  1.165D-06
    7.625000    1.2037875017012D-05  1.142D-06
    7.687500    1.1803483400845D-05  1.120D-06
    7.750000    1.1574181385865D-05  1.098D-06
    7.812500    1.1349881439288D-05  1.077D-06
    7.875000    1.1130494262552D-05  1.056D-06
    7.937500    1.0915929208601D-05  1.036D-06
    8.000000    1.0706094655621D-05  1.016D-06
    8.062500    1.0500898341176D-05  9.963D-07
    8.125000    1.0300247660342D-05  9.773D-07
    8.187500    1.0104049931103D-05  9.587D-07
    8.250000    9.9122126300368D-06  9.405D-07
    8.312500    9.7246436010226D-06  9.227D-07
    8.375000    9.5412512394701D-06  9.053D-07
    8.437500    9.3619446543676D-06  8.883D-07
    8.500000    9.1866338102297D-06  8.716D-07
    8.562500    9.0152296508490D-06  8.554D-07
    8.625000    8.8476442065897D-06  8.395D-07
    8.687500    8.6837906868060D-06  8.239D-07
    8.750000    8.5235835588275D-06  8.087D-07
    8.812500    8.3669386148282D-06  7.939D-07
    8.875000    8.2137730277756D-06  7.793D-07
    8.937500    8.0640053975517D-06  7.651D-07
    9.000000    7.9175557882384D-06  7.512D-07
    9.062500    7.7743457574711D-06  7.376D-07
    9.125000    7.6342983786828D-06  7.243D-07
    9.187500    7.4973382569856D-06  7.113D-07
    9.250000    7.3633915393692D-06  6.986D-07
    9.312500    7.2323859198337D-06  6.862D-07
    9.375000    7.1042506400177D-06  6.741D-07
    9.437500    6.9789164858287D-06  6.622D-07
    9.500000    6.8563157805402D-06  6.505D-07
    9.562500    6.7363823747706D-06  6.391D-07
    9.625000    6.6190516337264D-06  6.280D-07
    9.687500    6.5042604220500D-06  6.171D-07
    9.750000    6.3919470865853D-06  6.065D-07
    9.812500    6.2820514373399D-06  5.960D-07
    9.875000    6.1745147268995D-06  5.858D-07
    9.937500    6.0692796285221D-06  5.759D-07
   10.000000    5.9662902131194D-06  5.661D-07
   10.062500    5.8654919253112D-06  5.565D-07
   10.125000    5.7668315587199D-06  5.472D-07
   10.187500    5.6702572306558D-06  5.380D-07
   10.250000    5.5757183563287D-06  5.290D-07
   10.312500    5.4831656227045D-06  5.202D-07
   10.375000    5.3925509621182D-06  5.116D-07
   10.437500    5.3038275257368D-06  5.032D-07
   10.500000    5.2169496569597D-06  4.950D-07
   10.562500    5.1318728648320D-06  4.869D-07
   10.625000    5.0485537975400D-06  4.790D-07
   10.687500    4.9669502160459D-06  4.713D-07
   10.750000    4.8870209679171D-06  4.637D-07
   10.812500    4.8087259613946D-06  4.563D-07
   10.875000    4.7320261397412D-06  4.490D-07
   10.937500    4.6568834559045D-06  4.418D-07
   11.000000    4.5832608475251D-06  4.349D-07
   11.062500    4.5111222123152D-06  4.280D-07
   11.125000    4.4404323838299D-06  4.213D-07
   11.187500    4.3711571076499D-06  4.147D-07
   11.250000    4.3032630179904D-06  4.083D-07
   11.312500    4.2367176147482D-06  4.020D-07
   11.375000    4.1714892409981D-06  3.958D-07
   11.437500    4.1075470609444D-06  3.897D-07
   11.500000    4.0448610383343D-06  3.838D-07
   11.562500    3.9834019153362D-06  3.779D-07
   11.625000    3.9231411918850D-06  3.722D-07
   11.687500    3.8640511054945D-06  3.666D-07
   11.750000    3.8061046115368D-06  3.611D-07
   11.812500    3.7492753639864D-06  3.557D-07
   11.875000    3.6935376966259D-06  3.504D-07
   11.937500    3.6388666047095D-06  3.453D-07
   12.000000    3.5852377270797D-06  3.402D-07
   12.062500    3.5326273287327D-06  3.352D-07
   12.125000    3.4810122838249D-06  3.303D-07
   12.187500    3.4303700591155D-06  3.255D-07
   12.250000    3.3806786978380D-06  3.208D-07
   12.312500    3.3319168039934D-06  3.161D-07
   12.375000    3.2840635270573D-06  3.116D-07
   12.437500    3.2370985470938D-06  3.071D-07
   12.500000    3.1910020602676D-06  3.028D-07
   12.562500    3.1457547647466D-06  2.985D-07
   12.625000    3.1013378469869D-06  2.943D-07
   12.687500    3.0577329683915D-06  2.901D-07
   12.750000    3.0149222523345D-06  2.861D-07
   12.812500    2.9728882715428D-06  2.821D-07
   12.875000    2.9316140358264D-06  2.782D-07
   12.937500    2.8910829801497D-06  2.743D-07
   13.000000    2.8512789530342D-06  2.705D-07
   13.062500    2.8121862052862D-06  2.668D-07
   13.125000    2.7737893790396D-06  2.632D-07
   13.187500    2.7360734971072D-06  2.596D-07
   13.250000    2.6990239526314D-06  2.561D-07
   13.312500    2.6626264990270D-06  2.526D-07
   13.375000    2.6268672402089D-06  2.492D-07
   13.437500    2.5917326210956D-06  2.459D-07
   13.500000    2.5572094183826D-06  2.426D-07
   13.562500    2.5232847315781D-06  2.394D-07
   13.625000    2.4899459742922D-06  2.362D-07
   13.687500    2.4571808657756D-06  2.331D-07
   13.750000    2.4249774226976D-06  2.301D-07
   13.812500    2.3933239511593D-06  2.271D-07
   13.875000    2.3622090389338D-06  2.241D-07
   13.937500    2.3316215479280D-06  2.212D-07
   14.000000    2.3015506068585D-06  2.184D-07
   14.062500    2.2719856041371D-06  2.156D-07
   14.125000    2.2429161809585D-06  2.128D-07
   14.187500    2.2143322245852D-06  2.101D-07
   14.250000    2.1862238618232D-06  2.074D-07
   14.312500    2.1585814526842D-06  2.048D-07
   14.375000    2.1313955842274D-06  2.022D-07
   14.437500    2.1046570645766D-06  1.997D-07
   14.500000    2.0783569171076D-06  1.972D-07
   14.562500    2.0524863747999D-06  1.947D-07
   14.625000    2.0270368747494D-06  1.923D-07
   14.687500    2.0020000528363D-06  1.900D-07
   14.750000    1.9773677385435D-06  1.876D-07
   14.812500    1.9531319499219D-06  1.853D-07
   14.875000    1.9292848886982D-06  1.831D-07
   14.937500    1.9058189355199D-06  1.808D-07
   15.000000    1.8827266453347D-06  1.786D-07
   15.062500    1.8600007429003D-06  1.765D-07
   15.125000    1.8376341184189D-06  1.744D-07
   15.187500    1.8156198232964D-06  1.723D-07
   15.250000    1.7939510660177D-06  1.702D-07
   15.312500    1.7726212081397D-06  1.682D-07
   15.375000    1.7516237603949D-06  1.662D-07
   15.437500    1.7309523789037D-06  1.642D-07
   15.500000    1.7106008614923D-06  1.623D-07
   15.562500    1.6905631441132D-06  1.604D-07
   15.625000    1.6708332973641D-06  1.585D-07
   15.687500    1.6514055231038D-06  1.567D-07
   15.750000    1.6322741511614D-06  1.549D-07
   15.812500    1.6134336361366D-06  1.531D-07
   15.875000    1.5948785542872D-06  1.513D-07
   15.937500    1.5766036005027D-06  1.496D-07
   16.000000    1.5586035853611D-06  1.479D-07
   16.062500    1.5408734322658D-06  1.462D-07
   16.125000    1.5234081746603D-06  1.445D-07
   16.187500    1.5062029533199D-06  1.429D-07
   16.250000    1.4892530137162D-06  1.413D-07
   16.312500    1.4725537034529D-06  1.397D-07
   16.375000    1.4561004697723D-06  1.382D-07
   16.437500    1.4398888571275D-06  1.366D-07
   16.500000    1.4239145048213D-06  1.351D-07
   16.562500    1.4081731447083D-06  1.336D-07
   16.625000    1.3926605989581D-06  1.321D-07
   16.687500    1.3773727778795D-06  1.307D-07
   16.750000    1.3623056778019D-06  1.293D-07
   16.812500    1.3474553790135D-06  1.278D-07
   16.875000    1.3328180437546D-06  1.265D-07
   16.937500    1.3183899142637D-06  1.251D-07
   17.000000    1.3041673108758D-06  1.237D-07
   17.062500    1.2901466301709D-06  1.224D-07
   17.125000    1.2763243431705D-06  1.211D-07
   17.187500    1.2626969935830D-06  1.198D-07
   17.250000    1.2492611960938D-06  1.185D-07
   17.312500    1.2360136347006D-06  1.173D-07
   17.375000    1.2229510610929D-06  1.160D-07
   17.437500    1.2100702930723D-06  1.148D-07
   17.500000    1.1973682130149D-06  1.136D-07
   17.562500    1.1848417663737D-06  1.124D-07
   17.625000    1.1724879602186D-06  1.112D-07
   17.687500    1.1603038618153D-06  1.101D-07
   17.750000    1.1482865972403D-06  1.089D-07
   17.812500    1.1364333500310D-06  1.078D-07
   17.875000    1.1247413598713D-06  1.067D-07
   17.937500    1.1132079213102D-06  1.056D-07
   18.000000    1.1018303825131D-06  1.045D-07
   18.062500    1.0906061440447D-06  1.035D-07
   18.125000    1.0795326576836D-06  1.024D-07
   18.187500    1.0686074252657D-06  1.014D-07
   18.250000    1.0578279975579D-06  1.004D-07
   18.312500    1.0471919731592D-06  9.936D-08
   18.375000    1.0366969974303D-06  9.836D-08
   18.437500    1.0263407614491D-06  9.738D-08
   18.500000    1.0161210009932D-06  9.641D-08
   18.562500    1.0060354955473D-06  9.545D-08
   18.625000    9.9608206733498D-07  9.451D-08
   18.687500    9.8625858037532D-07  9.358D-08
   18.750000    9.7656293956212D-07  9.266D-08
   18.812500    9.6699308976618D-07  9.175D-08
   18.875000    9.5754701495967D-07  9.085D-08
   18.937500    9.4822273736197D-07  8.997D-08
   19.000000    9.3901831660639D-07  8.909D-08
   19.062500    9.2993184892732D-07  8.823D-08
   19.125000    9.2096146636718D-07  8.738D-08
   19.187500    9.1210533600264D-07  8.654D-08
   19.250000    9.0336165918961D-07  8.571D-08
   19.312500    8.9472867082647D-07  8.489D-08
   19.375000    8.8620463863518D-07  8.408D-08
   19.437500    8.7778786245954D-07  8.328D-08
   19.500000    8.6947667358044D-07  8.250D-08
   19.562500    8.6126943404742D-07  8.172D-08
   19.625000    8.5316453602627D-07  8.095D-08
   19.687500    8.4516040116209D-07  8.019D-08
   19.750000    8.3725547995761D-07  7.944D-08
   19.812500    8.2944825116613D-07  7.870D-08
   19.875000    8.2173722119887D-07  7.797D-08
   19.937500    8.1412092354636D-07  7.724D-08
   20.000000    8.0659791821331D-07  7.653D-08
   20.062500    7.9916679116689D-07  7.583D-08
   20.125000    7.9182615379787D-07  7.513D-08
   20.187500    7.8457464239425D-07  7.444D-08
   20.250000    7.7741091762738D-07  7.376D-08
   20.312500    7.7033366404979D-07  7.309D-08
   20.375000    7.6334158960479D-07  7.243D-08
   20.437500    7.5643342514740D-07  7.177D-08
   20.500000    7.4960792397626D-07  7.112D-08
   20.562500    7.4286386137640D-07  7.048D-08
   20.625000    7.3620003417247D-07  6.985D-08
   20.687500    7.2961526029216D-07  6.923D-08
   20.750000    7.2310837833964D-07  6.861D-08
   20.812500    7.1667824717870D-07  6.800D-08
   20.875000    7.1032374552537D-07  6.740D-08
   20.937500    7.0404377154973D-07  6.680D-08
   21.000000    6.9783724248680D-07  6.621D-08
   21.062500    6.9170309425615D-07  6.563D-08
   21.125000    6.8564028109007D-07  6.505D-08
   21.187500    6.7964777517012D-07  6.449D-08
   21.250000    6.7372456627178D-07  6.392D-08
   21.312500    6.6786966141706D-07  6.337D-08
   21.375000    6.6208208453480D-07  6.282D-08
   21.437500    6.5636087612864D-07  6.228D-08
   21.500000    6.5070509295218D-07  6.174D-08
   21.562500    6.4511380769144D-07  6.121D-08
   21.625000    6.3958610865433D-07  6.068D-08
   21.687500    6.3412109946684D-07  6.017D-08
   21.750000    6.2871789877607D-07  5.965D-08
   21.812500    6.2337563995960D-07  5.915D-08
   21.875000    6.1809347084126D-07  5.864D-08
   21.937500    6.1287055341320D-07  5.815D-08
   22.000000    6.0770606356379D-07  5.766D-08
   22.062500    6.0259919081164D-07  5.717D-08
   22.125000    5.9754913804521D-07  5.670D-08
   22.187500    5.9255512126815D-07  5.622D-08
   22.250000    5.8761636934999D-07  5.575D-08
   22.312500    5.8273212378236D-07  5.529D-08
   22.375000    5.7790163844026D-07  5.483D-08
   22.437500    5.7312417934858D-07  5.438D-08
   22.500000    5.6839902445343D-07  5.393D-08
   22.562500    5.6372546339854D-07  5.349D-08
   22.625000    5.5910279730619D-07  5.305D-08
   22.687500    5.5453033856291D-07  5.261D-08
   22.750000    5.5000741060972D-07  5.218D-08
   22.812500    5.4553334773666D-07  5.176D-08
   22.875000    5.4110749488177D-07  5.134D-08
   22.937500    5.3672920743420D-07  5.093D-08
   23.000000    5.3239785104150D-07  5.051D-08
   23.062500    5.2811280142081D-07  5.011D-08
   23.125000    5.2387344417421D-07  4.971D-08
   23.187500    5.1967917460760D-07  4.931D-08
   23.250000    5.1552939755363D-07  4.891D-08
   23.312500    5.1142352719800D-07  4.852D-08
   23.375000    5.0736098690966D-07  4.814D-08
   23.437500    5.0334120907419D-07  4.776D-08
   23.500000    4.9936363493079D-07  4.738D-08
   23.562500    4.9542771441257D-07  4.701D-08
   23.625000    4.9153290599008D-07  4.664D-08
   23.687500    4.8767867651799D-07  4.627D-08
   23.750000    4.8386450108500D-07  4.591D-08
   23.812500    4.8008986286667D-07  4.555D-08
   23.875000    4.7635425298131D-07  4.520D-08
   23.937500    4.7265717034874D-07  4.485D-08
   24.000000    4.6899812155188D-07  4.450D-08
   24.062500    4.6537662070117D-07  4.416D-08
   24.125000    4.6179218930167D-07  4.381D-08
   24.187500    4.5824435612286D-07  4.348D-08
   24.250000    4.5473265707091D-07  4.315D-08
   24.312500    4.5125663506367D-07  4.282D-08
   24.375000    4.4781583990808D-07  4.249D-08
   24.437500    4.4440982817987D-07  4.217D-08
   24.500000    4.4103816310588D-07  4.185D-08
   24.562500    4.3770041444848D-07  4.153D-08
   24.625000    4.3439615839242D-07  4.122D-08
   24.687500    4.3112497743381D-07  4.091D-08
   24.750000    4.2788646027129D-07  4.060D-08
   24.812500    4.2468020169940D-07  4.029D-08
   24.875000    4.2150580250388D-07  3.999D-08
   24.937500    4.1836286935919D-07  3.969D-08
   25.000000    4.1525101472781D-07  3.940D-08
   25.062500    4.1216985676173D-07  3.911D-08
   25.125000    4.0911901920562D-07  3.882D-08
   25.187500    4.0609813130199D-07  3.853D-08
   25.250000    4.0310682769816D-07  3.825D-08
   25.312500    4.0014474835498D-07  3.797D-08
   25.375000    3.9721153845735D-07  3.769D-08
   25.437500    3.9430684832641D-07  3.741D-08
   25.500000    3.9143033333332D-07  3.714D-08
   25.562500    3.8858165381489D-07  3.687D-08
   25.625000    3.8576047499070D-07  3.660D-08
   25.687500    3.8296646688163D-07  3.634D-08
   25.750000    3.8019930423026D-07  3.607D-08
   25.812500    3.7745866642246D-07  3.581D-08
   25.875000    3.7474423741062D-07  3.556D-08
   25.937500    3.7205570563832D-07  3.530D-08
   26.000000    3.6939276396633D-07  3.505D-08
   26.062500    3.6675510960005D-07  3.480D-08
   26.125000    3.6414244401831D-07  3.455D-08
   26.187500    3.6155447290340D-07  3.430D-08
   26.250000    3.5899090607257D-07  3.406D-08
   26.312500    3.5645145741066D-07  3.382D-08
   26.375000    3.5393584480397D-07  3.358D-08
   26.437500    3.5144379007544D-07  3.335D-08
   26.500000    3.4897501892098D-07  3.311D-08
   26.562500    3.4652926084695D-07  3.288D-08
   26.625000    3.4410624910878D-07  3.265D-08
   26.687500    3.4170572065076D-07  3.242D-08
   26.750000    3.3932741604690D-07  3.220D-08
   26.812500    3.3697107944283D-07  3.197D-08
   26.875000    3.3463645849885D-07  3.175D-08
   26.937500    3.3232330433389D-07  3.153D-08
   27.000000    3.3003137147057D-07  3.131D-08
   27.062500    3.2776041778123D-07  3.110D-08
   27.125000    3.2551020443495D-07  3.088D-08
   27.187500    3.2328049584544D-07  3.067D-08
   27.250000    3.2107105961998D-07  3.046D-08
   27.312500    3.1888166650916D-07  3.026D-08
   27.375000    3.1671209035767D-07  3.005D-08
   27.437500    3.1456210805575D-07  2.985D-08
   27.500000    3.1243149949171D-07  2.964D-08
   27.562500    3.1032004750516D-07  2.944D-08
   27.625000    3.0822753784114D-07  2.924D-08
   27.687500    3.0615375910502D-07  2.905D-08
   27.750000    3.0409850271822D-07  2.885D-08
   27.812500    3.0206156287465D-07  2.866D-08
   27.875000    3.0004273649804D-07  2.847D-08
   27.937500    2.9804182319987D-07  2.828D-08
   28.000000    2.9605862523810D-07  2.809D-08
   28.062500    2.9409294747671D-07  2.790D-08
   28.125000    2.9214459734575D-07  2.772D-08
   28.187500    2.9021338480226D-07  2.754D-08
   28.250000    2.8829912229176D-07  2.735D-08
   28.312500    2.8640162471047D-07  2.717D-08
   28.375000    2.8452070936814D-07  2.700D-08
   28.437500    2.8265619595154D-07  2.682D-08
   28.500000    2.8080790648859D-07  2.664D-08
   28.562500    2.7897566531303D-07  2.647D-08
   28.625000    2.7715929902987D-07  2.630D-08
   28.687500    2.7535863648117D-07  2.613D-08
   28.750000    2.7357350871265D-07  2.596D-08
   28.812500    2.7180374894073D-07  2.579D-08
   28.875000    2.7004919252018D-07  2.562D-08
   28.937500    2.6830967691228D-07  2.546D-08
   29.000000    2.6658504165355D-07  2.529D-08
   29.062500    2.6487512832500D-07  2.513D-08
   29.125000    2.6317978052189D-07  2.497D-08
   29.187500    2.6149884382405D-07  2.481D-08
   29.250000    2.5983216576656D-07  2.465D-08
   29.312500    2.5817959581112D-07  2.450D-08
   29.375000    2.5654098531770D-07  2.434D-08
   29.437500    2.5491618751683D-07  2.419D-08
   29.500000    2.5330505748221D-07  2.403D-08
   29.562500    2.5170745210388D-07  2.388D-08
   29.625000    2.5012323006178D-07  2.373D-08
   29.687500    2.4855225179977D-07  2.358D-08
   29.750000    2.4699437950007D-07  2.343D-08
   29.812500    2.4544947705811D-07  2.329D-08
   29.875000    2.4391741005783D-07  2.314D-08
   29.937500    2.4239804574731D-07  2.300D-08
   30.000000    2.4089125301491D-07  2.286D-08
   30.062500    2.3939690236571D-07  2.271D-08
   30.125000    2.3791486589836D-07  2.257D-08
   30.187500    2.3644501728230D-07  2.243D-08
   30.250000    2.3498723173542D-07  2.230D-08
   30.312500    2.3354138600192D-07  2.216D-08
   30.375000    2.3210735833074D-07  2.202D-08
   30.437500    2.3068502845415D-07  2.189D-08
   30.500000    2.2927427756681D-07  2.175D-08
   30.562500    2.2787498830509D-07  2.162D-08
   30.625000    2.2648704472677D-07  2.149D-08
   30.687500    2.2511033229107D-07  2.136D-08
   30.750000    2.2374473783891D-07  2.123D-08
   30.812500    2.2239014957363D-07  2.110D-08
   30.875000    2.2104645704189D-07  2.097D-08
   30.937500    2.1971355111497D-07  2.085D-08
   31.000000    2.1839132397025D-07  2.072D-08
   31.062500    2.1707966907313D-07  2.060D-08
   31.125000    2.1577848115910D-07  2.047D-08
   31.187500    2.1448765621621D-07  2.035D-08
   31.250000    2.1320709146772D-07  2.023D-08
   31.312500    2.1193668535501D-07  2.011D-08
   31.375000    2.1067633752096D-07  1.999D-08
   31.437500    2.0942594879330D-07  1.987D-08
   31.500000    2.0818542116841D-07  1.975D-08
   31.562500    2.0695465779535D-07  1.964D-08
   31.625000    2.0573356296003D-07  1.952D-08
   31.687500    2.0452204206983D-07  1.941D-08
   31.750000    2.0332000163821D-07  1.929D-08
   31.812500    2.0212734926980D-07  1.918D-08
   31.875000    2.0094399364547D-07  1.907D-08
   31.937500    1.9976984450793D-07  1.895D-08
   32.000000    1.9860481264724D-07  1.884D-08
   32.062500    1.9744880988677D-07  1.873D-08
   32.125000    1.9630174906930D-07  1.863D-08
   32.187500    1.9516354404324D-07  1.852D-08
   32.250000    1.9403410964930D-07  1.841D-08
   32.312500    1.9291336170702D-07  1.830D-08
   32.375000    1.9180121700188D-07  1.820D-08
   32.437500    1.9069759327232D-07  1.809D-08
   32.500000    1.8960240919708D-07  1.799D-08
   32.562500    1.8851558438269D-07  1.789D-08
   32.625000    1.8743703935123D-07  1.778D-08
   32.687500    1.8636669552816D-07  1.768D-08
   32.750000    1.8530447523043D-07  1.758D-08
   32.812500    1.8425030165467D-07  1.748D-08
   32.875000    1.8320409886566D-07  1.738D-08
   32.937500    1.8216579178494D-07  1.728D-08
   33.000000    1.8113530617953D-07  1.719D-08
   33.062500    1.8011256865087D-07  1.709D-08
   33.125000    1.7909750662398D-07  1.699D-08
   33.187500    1.7809004833665D-07  1.690D-08
   33.250000    1.7709012282890D-07  1.680D-08
   33.312500    1.7609765993255D-07  1.671D-08
   33.375000    1.7511259026094D-07  1.661D-08
   33.437500    1.7413484519883D-07  1.652D-08
   33.500000    1.7316435689244D-07  1.643D-08
   33.562500    1.7220105823960D-07  1.634D-08
   33.625000    1.7124488288009D-07  1.625D-08
   33.687500    1.7029576518610D-07  1.616D-08
   33.750000    1.6935364025287D-07  1.607D-08
   33.812500    1.6841844388934D-07  1.598D-08
   33.875000    1.6749011260918D-07  1.589D-08
   33.937500    1.6656858362160D-07  1.580D-08
   34.000000    1.6565379482268D-07  1.572D-08
   34.062500    1.6474568478651D-07  1.563D-08
   34.125000    1.6384419275667D-07  1.555D-08
   34.187500    1.6294925863766D-07  1.546D-08
   34.250000    1.6206082298663D-07  1.538D-08
   34.312500    1.6117882700509D-07  1.529D-08
   34.375000    1.6030321253081D-07  1.521D-08
   34.437500    1.5943392202980D-07  1.513D-08
   34.500000    1.5857089858844D-07  1.505D-08
   34.562500    1.5771408590568D-07  1.496D-08
   34.625000    1.5686342828542D-07  1.488D-08
   34.687500    1.5601887062889D-07  1.480D-08
   34.750000    1.5518035842727D-07  1.472D-08
   34.812500    1.5434783775430D-07  1.464D-08
   34.875000    1.5352125525904D-07  1.457D-08
   34.937500    1.5270055815877D-07  1.449D-08
   35.000000    1.5188569423193D-07  1.441D-08
   35.062500    1.5107661181119D-07  1.433D-08
   35.125000    1.5027325977661D-07  1.426D-08
   35.187500    1.4947558754887D-07  1.418D-08
   35.250000    1.4868354508269D-07  1.411D-08
   35.312500    1.4789708286021D-07  1.403D-08
   35.375000    1.4711615188456D-07  1.396D-08
   35.437500    1.4634070367347D-07  1.388D-08
   35.500000    1.4557069025301D-07  1.381D-08
   35.562500    1.4480606415136D-07  1.374D-08
   35.625000    1.4404677839273D-07  1.367D-08
   35.687500    1.4329278649129D-07  1.360D-08
   35.750000    1.4254404244530D-07  1.352D-08
   35.812500    1.4180050073117D-07  1.345D-08
   35.875000    1.4106211629776D-07  1.338D-08
   35.937500    1.4032884456060D-07  1.331D-08
   36.000000    1.3960064139629D-07  1.325D-08
   36.062500    1.3887746313701D-07  1.318D-08
   36.125000    1.3815926656500D-07  1.311D-08
   36.187500    1.3744600890718D-07  1.304D-08
   36.250000    1.3673764782979D-07  1.297D-08
   36.312500    1.3603414143321D-07  1.291D-08
   36.375000    1.3533544824677D-07  1.284D-08
   36.437500    1.3464152722357D-07  1.277D-08
   36.500000    1.3395233773555D-07  1.271D-08
   36.562500    1.3326783956845D-07  1.264D-08
   36.625000    1.3258799291691D-07  1.258D-08
   36.687500    1.3191275837968D-07  1.252D-08
   36.750000    1.3124209695479D-07  1.245D-08
   36.812500    1.3057597003491D-07  1.239D-08
   36.875000    1.2991433940265D-07  1.233D-08
   36.937500    1.2925716722600D-07  1.226D-08
   37.000000    1.2860441605384D-07  1.220D-08
   37.062500    1.2795604881140D-07  1.214D-08
   37.125000    1.2731202879595D-07  1.208D-08
   37.187500    1.2667231967241D-07  1.202D-08
   37.250000    1.2603688546908D-07  1.196D-08
   37.312500    1.2540569057342D-07  1.190D-08
   37.375000    1.2477869972785D-07  1.184D-08
   37.437500    1.2415587802566D-07  1.178D-08
   37.500000    1.2353719090695D-07  1.172D-08
   37.562500    1.2292260415462D-07  1.166D-08
   37.625000    1.2231208389040D-07  1.161D-08
   37.687500    1.2170559657097D-07  1.155D-08
   37.750000    1.2110310898409D-07  1.149D-08
   37.812500    1.2050458824478D-07  1.143D-08
   37.875000    1.1991000179166D-07  1.138D-08
   37.937500    1.1931931738310D-07  1.132D-08
   38.000000    1.1873250309372D-07  1.127D-08
   38.062500    1.1814952731067D-07  1.121D-08
   38.125000    1.1757035873011D-07  1.116D-08
   38.187500    1.1699496635371D-07  1.110D-08
   38.250000    1.1642331948518D-07  1.105D-08
   38.312500    1.1585538772681D-07  1.099D-08
   38.375000    1.1529114097612D-07  1.094D-08
   38.437500    1.1473054942256D-07  1.089D-08
   38.500000    1.1417358354414D-07  1.083D-08
   38.562500    1.1362021410421D-07  1.078D-08
   38.625000    1.1307041214830D-07  1.073D-08
   38.687500    1.1252414900089D-07  1.068D-08
   38.750000    1.1198139626231D-07  1.062D-08
   38.812500    1.1144212580564D-07  1.057D-08
   38.875000    1.1090630977369D-07  1.052D-08
   38.937500    1.1037392057596D-07  1.047D-08
   39.000000    1.0984493088568D-07  1.042D-08
   39.062500    1.0931931363692D-07  1.037D-08
   39.125000    1.0879704202156D-07  1.032D-08
   39.187500    1.0827808948663D-07  1.027D-08
   39.250000    1.0776242973133D-07  1.022D-08
   39.312500    1.0725003670430D-07  1.018D-08
   39.375000    1.0674088460084D-07  1.013D-08
   39.437500    1.0623494786028D-07  1.008D-08
   39.500000    1.0573220116315D-07  1.003D-08
   39.562500    1.0523261942867D-07  9.985D-09
   39.625000    1.0473617781207D-07  9.937D-09
   39.687500    1.0424285170198D-07  9.891D-09
   39.750000    1.0375261671792D-07  9.844D-09
   39.812500    1.0326544870781D-07  9.798D-09
   39.875000    1.0278132374535D-07  9.752D-09
   39.937500    1.0230021812777D-07  9.706D-09
   40.000000    1.0182210837317D-07  9.661D-09
   40.062500    1.0134697121833D-07  9.616D-09
   40.125000    1.0087478361620D-07  9.571D-09
   40.187500    1.0040552273363D-07  9.527D-09
   40.250000    9.9939165949021D-08  9.482D-09
   40.312500    9.9475690850125D-08  9.438D-09
   40.375000    9.9015075231659D-08  9.395D-09
   40.437500    9.8557297093170D-08  9.351D-09
   40.500000    9.8102334636862D-08  9.308D-09
   40.562500    9.7650166265340D-08  9.265D-09
   40.625000    9.7200770579545D-08  9.222D-09
   40.687500    9.6754126376559D-08  9.180D-09
   40.750000    9.6310212647584D-08  9.138D-09
   40.812500    9.5869008575822D-08  9.096D-09
   40.875000    9.5430493534465D-08  9.054D-09
   40.937500    9.4994647084659D-08  9.013D-09
   41.000000    9.4561448973502D-08  8.972D-09
   41.062500    9.4130879132141D-08  8.931D-09
   41.125000    9.3702917673717D-08  8.891D-09
   41.187500    9.3277544891532D-08  8.850D-09
   41.250000    9.2854741257123D-08  8.810D-09
   41.312500    9.2434487418369D-08  8.770D-09
   41.375000    9.2016764197680D-08  8.731D-09
   41.437500    9.1601552590104D-08  8.691D-09
   41.500000    9.1188833761567D-08  8.652D-09
   41.562500    9.0778589047075D-08  8.613D-09
   41.625000    9.0370799948950D-08  8.574D-09
   41.687500    8.9965448135046D-08  8.536D-09
   41.750000    8.9562515437095D-08  8.498D-09
   41.812500    8.9161983848944D-08  8.460D-09
   41.875000    8.8763835524886D-08  8.422D-09
   41.937500    8.8368052778012D-08  8.384D-09
   42.000000    8.7974618078559D-08  8.347D-09
   42.062500    8.7583514052275D-08  8.310D-09
   42.125000    8.7194723478818D-08  8.273D-09
   42.187500    8.6808229290179D-08  8.236D-09
   42.250000    8.6424014569102D-08  8.200D-09
   42.312500    8.6042062547556D-08  8.164D-09
   42.375000    8.5662356605148D-08  8.128D-09
   42.437500    8.5284880267671D-08  8.092D-09
   42.500000    8.4909617205604D-08  8.056D-09
   42.562500    8.4536551232588D-08  8.021D-09
   42.625000    8.4165666303987D-08  7.986D-09
   42.687500    8.3796946515458D-08  7.951D-09
   42.750000    8.3430376101521D-08  7.916D-09
   42.812500    8.3065939434123D-08  7.881D-09
   42.875000    8.2703621021277D-08  7.847D-09
   42.937500    8.2343405505647D-08  7.813D-09
   43.000000    8.1985277663225D-08  7.779D-09
   43.062500    8.1629222401953D-08  7.745D-09
   43.125000    8.1275224760411D-08  7.711D-09
   43.187500    8.0923269906486D-08  7.678D-09
   43.250000    8.0573343136082D-08  7.645D-09
   43.312500    8.0225429871818D-08  7.612D-09
   43.375000    7.9879515661794D-08  7.579D-09
   43.437500    7.9535586178290D-08  7.546D-09
   43.500000    7.9193627216541D-08  7.514D-09
   43.562500    7.8853624693511D-08  7.482D-09
   43.625000    7.8515564646706D-08  7.450D-09
   43.687500    7.8179433232918D-08  7.418D-09
   43.750000    7.7845216727052D-08  7.386D-09
   43.812500    7.7512901521015D-08  7.354D-09
   43.875000    7.7182474122462D-08  7.323D-09
   43.937500    7.6853921153724D-08  7.292D-09
   44.000000    7.6527229350631D-08  7.261D-09
   44.062500    7.6202385561410D-08  7.230D-09
   44.125000    7.5879376745555D-08  7.199D-09
   44.187500    7.5558189972781D-08  7.169D-09
   44.250000    7.5238812421883D-08  7.139D-09
   44.312500    7.4921231379684D-08  7.109D-09
   44.375000    7.4605434239995D-08  7.079D-09
   44.437500    7.4291408502536D-08  7.049D-09
   44.500000    7.3979141771933D-08  7.019D-09
   44.562500    7.3668621756650D-08  6.990D-09
   44.625000    7.3359836268037D-08  6.960D-09
   44.687500    7.3052773219255D-08  6.931D-09
   44.750000    7.2747420624355D-08  6.902D-09
   44.812500    7.2443766597249D-08  6.873D-09
   44.875000    7.2141799350762D-08  6.845D-09
   44.937500    7.1841507195665D-08  6.816D-09
   45.000000    7.1542878539751D-08  6.788D-09
   45.062500    7.1245901886869D-08  6.760D-09
   45.125000    7.0950565835983D-08  6.732D-09
   45.187500    7.0656859080334D-08  6.704D-09
   45.250000    7.0364770406444D-08  6.676D-09
   45.312500    7.0074288693243D-08  6.649D-09
   45.375000    6.9785402911230D-08  6.621D-09
   45.437500    6.9498102121543D-08  6.594D-09
   45.500000    6.9212375475104D-08  6.567D-09
   45.562500    6.8928212211781D-08  6.540D-09
   45.625000    6.8645601659496D-08  6.513D-09
   45.687500    6.8364533233451D-08  6.486D-09
   45.750000    6.8084996435234D-08  6.460D-09
   45.812500    6.7806980852039D-08  6.434D-09
   45.875000    6.7530476155819D-08  6.407D-09
   45.937500    6.7255472102538D-08  6.381D-09
   46.000000    6.6981958531300D-08  6.355D-09
   46.062500    6.6709925363632D-08  6.329D-09
   46.125000    6.6439362602666D-08  6.304D-09
   46.187500    6.6170260332373D-08  6.278D-09
   46.250000    6.5902608716823D-08  6.253D-09
   46.312500    6.5636397999429D-08  6.228D-09
   46.375000    6.5371618502141D-08  6.202D-09
   46.437500    6.5108260624830D-08  6.177D-09
   46.500000    6.4846314844443D-08  6.153D-09
   46.562500    6.4585771714323D-08  6.128D-09
   46.625000    6.4326621863539D-08  6.103D-09
   46.687500    6.4068855996092D-08  6.079D-09
   46.750000    6.3812464890296D-08  6.055D-09
   46.812500    6.3557439398056D-08  6.030D-09
   46.875000    6.3303770444175D-08  6.006D-09
   46.937500    6.3051449025682D-08  5.982D-09
   47.000000    6.2800466211185D-08  5.959D-09
   47.062500    6.2550813140164D-08  5.935D-09
   47.125000    6.2302481022373D-08  5.911D-09
   47.187500    6.2055461137130D-08  5.888D-09
   47.250000    6.1809744832746D-08  5.865D-09
   47.312500    6.1565323525814D-08  5.841D-09
   47.375000    6.1322188700638D-08  5.818D-09
   47.437500    6.1080331908580D-08  5.795D-09
   47.500000    6.0839744767467D-08  5.772D-09
   47.562500    6.0600418960975D-08  5.750D-09
   47.625000    6.0362346237997D-08  5.727D-09
   47.687500    6.0125518412112D-08  5.705D-09
   47.750000    5.9889927360917D-08  5.682D-09
   47.812500    5.9655565025513D-08  5.660D-09
   47.875000    5.9422423409899D-08  5.638D-09
   47.937500    5.9190494580355D-08  5.616D-09
   48.000000    5.8959770664985D-08  5.594D-09
   48.062500    5.8730243853044D-08  5.572D-09
   48.125000    5.8501906394447D-08  5.551D-09
   48.187500    5.8274750599207D-08  5.529D-09
   48.250000    5.8048768836894D-08  5.508D-09
   48.312500    5.7823953536096D-08  5.486D-09
   48.375000    5.7600297183881D-08  5.465D-09
   48.437500    5.7377792325288D-08  5.444D-09
   48.500000    5.7156431562772D-08  5.423D-09
   48.562500    5.6936207555729D-08  5.402D-09
   48.625000    5.6717113019983D-08  5.381D-09
   48.687500    5.6499140727237D-08  5.361D-09
   48.750000    5.6282283504624D-08  5.340D-09
   48.812500    5.6066534234184D-08  5.320D-09
   48.875000    5.5851885852382D-08  5.299D-09
   48.937500    5.5638331349630D-08  5.279D-09
   49.000000    5.5425863769780D-08  5.259D-09
   49.062500    5.5214476209697D-08  5.239D-09
   49.125000    5.5004161818763D-08  5.219D-09
   49.187500    5.4794913798375D-08  5.199D-09
   49.250000    5.4586725401552D-08  5.179D-09
   49.312500    5.4379589932461D-08  5.160D-09
   49.375000    5.4173500745895D-08  5.140D-09
   49.437500    5.3968451246946D-08  5.121D-09
   49.500000    5.3764434890466D-08  5.101D-09
   49.562500    5.3561445180673D-08  5.082D-09
   49.625000    5.3359475670703D-08  5.063D-09
   49.687500    5.3158519962184D-08  5.044D-09
   49.750000    5.2958571704821D-08  5.025D-09
   49.812500    5.2759624595971D-08  5.006D-09
   49.875000    5.2561672380219D-08  4.987D-09
   49.937500    5.2364708848958D-08  4.968D-09
   50.000000    5.2168727840010D-08  4.950D-09
   50.062500    5.1973723237186D-08  4.931D-09
   50.125000    5.1779688969934D-08  4.913D-09
   50.187500    5.1586619012878D-08  4.895D-09
   50.250000    5.1394507385495D-08  4.876D-09
   50.312500    5.1203348151674D-08  4.858D-09
   50.375000    5.1013135419352D-08  4.840D-09
   50.437500    5.0823863340133D-08  4.822D-09
   50.500000    5.0635526108924D-08  4.804D-09
   50.562500    5.0448117963535D-08  4.787D-09
   50.625000    5.0261633184322D-08  4.769D-09
   50.687500    5.0076066093820D-08  4.751D-09
   50.750000    4.9891411056393D-08  4.734D-09
   50.812500    4.9707662477866D-08  4.716D-09
   50.875000    4.9524814805159D-08  4.699D-09
   50.937500    4.9342862525955D-08  4.682D-09
   51.000000    4.9161800168314D-08  4.664D-09
   51.062500    4.8981622300412D-08  4.647D-09
   51.125000    4.8802323530080D-08  4.630D-09
   51.187500    4.8623898504568D-08  4.613D-09
   51.250000    4.8446341910162D-08  4.597D-09
   51.312500    4.8269648471866D-08  4.580D-09
   51.375000    4.8093812953048D-08  4.563D-09
   51.437500    4.7918830155172D-08  4.547D-09
   51.500000    4.7744694917405D-08  4.530D-09
   51.562500    4.7571402116339D-08  4.514D-09
   51.625000    4.7398946665689D-08  4.497D-09
   51.687500    4.7227323515940D-08  4.481D-09
   51.750000    4.7056527654073D-08  4.465D-09
   51.812500    4.6886554103213D-08  4.449D-09
   51.875000    4.6717397922386D-08  4.433D-09
   51.937500    4.6549054206157D-08  4.417D-09
   52.000000    4.6381518084393D-08  4.401D-09
   52.062500    4.6214784721903D-08  4.385D-09
   52.125000    4.6048849318204D-08  4.369D-09
   52.187500    4.5883707107182D-08  4.353D-09
   52.250000    4.5719353356832D-08  4.338D-09
   52.312500    4.5555783368988D-08  4.322D-09
   52.375000    4.5392992479017D-08  4.307D-09
   52.437500    4.5230976055523D-08  4.292D-09
   52.500000    4.5069729500119D-08  4.276D-09
   52.562500    4.4909248247122D-08  4.261D-09
   52.625000    4.4749527763284D-08  4.246D-09
   52.687500    4.4590563547535D-08  4.231D-09
   52.750000    4.4432351130694D-08  4.216D-09
   52.812500    4.4274886075246D-08  4.201D-09
   52.875000    4.4118163975049D-08  4.186D-09
   52.937500    4.3962180455059D-08  4.171D-09
   53.000000    4.3806931171139D-08  4.156D-09
   53.062500    4.3652411809735D-08  4.142D-09
   53.125000    4.3498618087645D-08  4.127D-09
   53.187500    4.3345545751831D-08  4.113D-09
   53.250000    4.3193190579055D-08  4.098D-09
   53.312500    4.3041548375761D-08  4.084D-09
   53.375000    4.2890614977715D-08  4.069D-09
   53.437500    4.2740386249870D-08  4.055D-09
   53.500000    4.2590858086071D-08  4.041D-09
   53.562500    4.2442026408808D-08  4.027D-09
   53.625000    4.2293887169019D-08  4.013D-09
   53.687500    4.2146436345843D-08  3.999D-09
   53.750000    4.1999669946409D-08  3.985D-09
   53.812500    4.1853584005571D-08  3.971D-09
   53.875000    4.1708174585712D-08  3.957D-09
   53.937500    4.1563437776519D-08  3.944D-09
   54.000000    4.1419369694769D-08  3.930D-09
   54.062500    4.1275966484070D-08  3.916D-09
   54.125000    4.1133224314712D-08  3.903D-09
   54.187500    4.0991139383386D-08  3.889D-09
   54.250000    4.0849707913017D-08  3.876D-09
   54.312500    4.0708926152539D-08  3.862D-09
   54.375000    4.0568790376673D-08  3.849D-09
   54.437500    4.0429296885750D-08  3.836D-09
   54.500000    4.0290442005460D-08  3.823D-09
   54.562500    4.0152222086694D-08  3.810D-09
   54.625000    4.0014633505352D-08  3.797D-09
   54.687500    3.9877672662065D-08  3.784D-09
   54.750000    3.9741335982104D-08  3.771D-09
   54.812500    3.9605619915086D-08  3.758D-09
   54.875000    3.9470520934869D-08  3.745D-09
   54.937500    3.9336035539263D-08  3.732D-09
   55.000000    3.9202160249958D-08  3.720D-09
   55.062500    3.9068891612210D-08  3.707D-09
   55.125000    3.8936226194749D-08  3.694D-09
   55.187500    3.8804160589545D-08  3.682D-09
   55.250000    3.8672691411657D-08  3.669D-09
   55.312500    3.8541815299003D-08  3.657D-09
   55.375000    3.8411528912238D-08  3.644D-09
   55.437500    3.8281828934526D-08  3.632D-09
   55.500000    3.8152712071400D-08  3.620D-09
   55.562500    3.8024175050553D-08  3.608D-09
   55.625000    3.7896214621683D-08  3.596D-09
   55.687500    3.7768827556351D-08  3.584D-09
   55.750000    3.7642010647725D-08  3.571D-09
   55.812500    3.7515760710522D-08  3.560D-09
   55.875000    3.7390074580721D-08  3.548D-09
   55.937500    3.7264949115500D-08  3.536D-09
   56.000000    3.7140381193033D-08  3.524D-09
   56.062500    3.7016367712287D-08  3.512D-09
   56.125000    3.6892905592912D-08  3.500D-09
   56.187500    3.6769991775085D-08  3.489D-09
   56.250000    3.6647623219317D-08  3.477D-09
   56.312500    3.6525796906277D-08  3.466D-09
   56.375000    3.6404509836726D-08  3.454D-09
   56.437500    3.6283759031256D-08  3.443D-09
   56.500000    3.6163541530206D-08  3.431D-09
   56.562500    3.6043854393480D-08  3.420D-09
   56.625000    3.5924694700404D-08  3.409D-09
   56.687500    3.5806059549594D-08  3.397D-09
   56.750000    3.5687946058762D-08  3.386D-09
   56.812500    3.5570351364622D-08  3.375D-09
   56.875000    3.5453272622709D-08  3.364D-09
   56.937500    3.5336707007234D-08  3.353D-09
   57.000000    3.5220651710988D-08  3.342D-09
   57.062500    3.5105103945126D-08  3.331D-09
   57.125000    3.4990060939084D-08  3.320D-09
   57.187500    3.4875519940432D-08  3.309D-09
   57.250000    3.4761478214698D-08  3.298D-09
   57.312500    3.4647933045289D-08  3.287D-09
   57.375000    3.4534881733295D-08  3.277D-09
   57.437500    3.4422321597398D-08  3.266D-09
   57.500000    3.4310249973732D-08  3.255D-09
   57.562500    3.4198664215736D-08  3.245D-09
   57.625000    3.4087561694023D-08  3.234D-09
   57.687500    3.3976939796273D-08  3.224D-09
   57.750000    3.3866795927064D-08  3.213D-09
   57.812500    3.3757127507807D-08  3.203D-09
   57.875000    3.3647931976540D-08  3.193D-09
   57.937500    3.3539206787870D-08  3.182D-09
   58.000000    3.3430949412808D-08  3.172D-09
   58.062500    3.3323157338677D-08  3.162D-09
   58.125000    3.3215828068962D-08  3.152D-09
   58.187500    3.3108959123190D-08  3.141D-09
   58.250000    3.3002548036827D-08  3.131D-09
   58.312500    3.2896592361176D-08  3.121D-09
   58.375000    3.2791089663178D-08  3.111D-09
   58.437500    3.2686037525407D-08  3.101D-09
   58.500000    3.2581433545854D-08  3.091D-09
   58.562500    3.2477275337885D-08  3.081D-09
   58.625000    3.2373560530089D-08  3.072D-09
   58.687500    3.2270286766163D-08  3.062D-09
   58.750000    3.2167451704823D-08  3.052D-09
   58.812500    3.2065053019667D-08  3.042D-09
   58.875000    3.1963088399082D-08  3.033D-09
   58.937500    3.1861555546120D-08  3.023D-09
   59.000000    3.1760452178432D-08  3.013D-09
   59.062500    3.1659776028077D-08  3.004D-09
   59.125000    3.1559524841513D-08  2.994D-09
   59.187500    3.1459696379413D-08  2.985D-09
   59.250000    3.1360288416593D-08  2.975D-09
   59.312500    3.1261298741920D-08  2.966D-09
   59.375000    3.1162725158185D-08  2.957D-09
   59.437500    3.1064565482013D-08  2.947D-09
   59.500000    3.0966817543764D-08  2.938D-09
   59.562500    3.0869479187412D-08  2.929D-09
   59.625000    3.0772548270476D-08  2.920D-09
   59.687500    3.0676022663894D-08  2.911D-09
   59.750000    3.0579900251945D-08  2.901D-09
   59.812500    3.0484178932139D-08  2.892D-09
   59.875000    3.0388856615118D-08  2.883D-09
   59.937500    3.0293931224598D-08  2.874D-09
   60.000000    3.0199400697190D-08  2.865D-09
   60.062500    3.0105262982410D-08  2.856D-09
   60.125000    3.0011516042510D-08  2.848D-09
   60.187500    2.9918157852407D-08  2.839D-09
   60.250000    2.9825186399612D-08  2.830D-09
   60.312500    2.9732599684097D-08  2.821D-09
   60.375000    2.9640395718256D-08  2.812D-09
   60.437500    2.9548572526765D-08  2.804D-09
   60.500000    2.9457128146543D-08  2.795D-09
   60.562500    2.9366060626622D-08  2.786D-09
   60.625000    2.9275368028060D-08  2.778D-09
   60.687500    2.9185048423907D-08  2.769D-09
   60.750000    2.9095099899049D-08  2.761D-09
   60.812500    2.9005520550182D-08  2.752D-09
   60.875000    2.8916308485668D-08  2.744D-09
   60.937500    2.8827461825537D-08  2.735D-09
   61.000000    2.8738978701292D-08  2.727D-09
   61.062500    2.8650857255925D-08  2.718D-09
   61.125000    2.8563095643790D-08  2.710D-09
   61.187500    2.8475692030513D-08  2.702D-09
   61.250000    2.8388644592954D-08  2.694D-09
   61.312500    2.8301951519072D-08  2.685D-09
   61.375000    2.8215611007895D-08  2.677D-09
   61.437500    2.8129621269417D-08  2.669D-09
   61.500000    2.8043980524504D-08  2.661D-09
   61.562500    2.7958687004863D-08  2.653D-09
   61.625000    2.7873738952925D-08  2.645D-09
   61.687500    2.7789134621779D-08  2.637D-09
   61.750000    2.7704872275110D-08  2.629D-09
   61.812500    2.7620950187116D-08  2.621D-09
   61.875000    2.7537366642432D-08  2.613D-09
   61.937500    2.7454119936051D-08  2.605D-09
   62.000000    2.7371208373248D-08  2.597D-09
   62.062500    2.7288630269546D-08  2.589D-09
   62.125000    2.7206383950594D-08  2.581D-09
   62.187500    2.7124467752120D-08  2.574D-09
   62.250000    2.7042880019847D-08  2.566D-09
   62.312500    2.6961619109445D-08  2.558D-09
   62.375000    2.6880683386468D-08  2.550D-09
   62.437500    2.6800071226227D-08  2.543D-09
   62.500000    2.6719781013797D-08  2.535D-09
   62.562500    2.6639811143875D-08  2.528D-09
   62.625000    2.6560160020791D-08  2.520D-09
   62.687500    2.6480826058391D-08  2.513D-09
   62.750000    2.6401807679958D-08  2.505D-09
   62.812500    2.6323103318183D-08  2.498D-09
   62.875000    2.6244711415089D-08  2.490D-09
   62.937500    2.6166630421985D-08  2.483D-09
   63.000000    2.6088858799317D-08  2.475D-09
   63.062500    2.6011395016747D-08  2.468D-09
   63.125000    2.5934237552943D-08  2.461D-09
   63.187500    2.5857384895618D-08  2.453D-09
   63.250000    2.5780835541432D-08  2.446D-09
   63.312500    2.5704587995922D-08  2.439D-09
   63.375000    2.5628640773463D-08  2.432D-09
   63.437500    2.5552992397162D-08  2.424D-09
   63.500000    2.5477641398881D-08  2.417D-09
   63.562500    2.5402586319094D-08  2.410D-09
   63.625000    2.5327825706860D-08  2.403D-09
   63.687500    2.5253358119766D-08  2.396D-09
   63.750000    2.5179182123888D-08  2.389D-09
   63.812500    2.5105296293700D-08  2.382D-09
   63.875000    2.5031699212005D-08  2.375D-09
   63.937500    2.4958389469932D-08  2.368D-09
   64.000000    2.4885365666822D-08  2.361D-09
   64.062500    2.4812626410242D-08  2.354D-09
   64.125000    2.4740170315855D-08  2.347D-09
   64.187500    2.4667996007412D-08  2.341D-09
   64.250000    2.4596102116655D-08  2.334D-09
   64.312500    2.4524487283295D-08  2.327D-09
   64.375000    2.4453150154983D-08  2.320D-09
   64.437500    2.4382089387196D-08  2.313D-09
   64.500000    2.4311303643205D-08  2.307D-09
   64.562500    2.4240791594074D-08  2.300D-09
   64.625000    2.4170551918515D-08  2.293D-09
   64.687500    2.4100583302911D-08  2.287D-09
   64.750000    2.4030884441222D-08  2.280D-09
   64.812500    2.3961454034984D-08  2.273D-09
   64.875000    2.3892290793190D-08  2.267D-09
   64.937500    2.3823393432273D-08  2.260D-09
   65.000000    2.3754760676101D-08  2.254D-09
   65.062500    2.3686391255816D-08  2.247D-09
   65.125000    2.3618283909918D-08  2.241D-09
   65.187500    2.3550437384112D-08  2.234D-09
   65.250000    2.3482850431305D-08  2.228D-09
   65.312500    2.3415521811559D-08  2.222D-09
   65.375000    2.3348450292017D-08  2.215D-09
   65.437500    2.3281634646907D-08  2.209D-09
   65.500000    2.3215073657417D-08  2.203D-09
   65.562500    2.3148766111747D-08  2.196D-09
   65.625000    2.3082710804950D-08  2.190D-09
   65.687500    2.3016906538993D-08  2.184D-09
   65.750000    2.2951352122650D-08  2.178D-09
   65.812500    2.2886046371450D-08  2.171D-09
   65.875000    2.2820988107669D-08  2.165D-09
   65.937500    2.2756176160282D-08  2.159D-09
   66.000000    2.2691609364886D-08  2.153D-09
   66.062500    2.2627286563669D-08  2.147D-09
   66.125000    2.2563206605384D-08  2.141D-09
   66.187500    2.2499368345312D-08  2.135D-09
   66.250000    2.2435770645179D-08  2.129D-09
   66.312500    2.2372412373144D-08  2.123D-09
   66.375000    2.2309292403725D-08  2.117D-09
   66.437500    2.2246409617839D-08  2.111D-09
   66.500000    2.2183762902641D-08  2.105D-09
   66.562500    2.2121351151586D-08  2.099D-09
   66.625000    2.2059173264322D-08  2.093D-09
   66.687500    2.1997228146675D-08  2.087D-09
   66.750000    2.1935514710630D-08  2.081D-09
   66.812500    2.1874031874239D-08  2.075D-09
   66.875000    2.1812778561630D-08  2.070D-09
   66.937500    2.1751753702939D-08  2.064D-09
   67.000000    2.1690956234278D-08  2.058D-09
   67.062500    2.1630385097711D-08  2.052D-09
   67.125000    2.1570039241179D-08  2.047D-09
   67.187500    2.1509917618493D-08  2.041D-09
   67.250000    2.1450019189303D-08  2.035D-09
   67.312500    2.1390342919032D-08  2.030D-09
   67.375000    2.1330887778848D-08  2.024D-09
   67.437500    2.1271652745631D-08  2.018D-09
   67.500000    2.1212636801945D-08  2.013D-09
   67.562500    2.1153838935982D-08  2.007D-09
   67.625000    2.1095258141535D-08  2.002D-09
   67.687500    2.1036893417975D-08  1.996D-09
   67.750000    2.0978743770178D-08  1.990D-09
   67.812500    2.0920808208527D-08  1.985D-09
   67.875000    2.0863085748875D-08  1.979D-09
   67.937500    2.0805575412481D-08  1.974D-09
   68.000000    2.0748276225993D-08  1.969D-09
   68.062500    2.0691187221406D-08  1.963D-09
   68.125000    2.0634307436078D-08  1.958D-09
   68.187500    2.0577635912580D-08  1.952D-09
   68.250000    2.0521171698801D-08  1.947D-09
   68.312500    2.0464913847807D-08  1.942D-09
   68.375000    2.0408861417858D-08  1.936D-09
   68.437500    2.0353013472383D-08  1.931D-09
   68.500000    2.0297369079917D-08  1.926D-09
   68.562500    2.0241927314058D-08  1.921D-09
   68.625000    2.0186687253500D-08  1.915D-09
   68.687500    2.0131647981934D-08  1.910D-09
   68.750000    2.0076808588030D-08  1.905D-09
   68.812500    2.0022168165446D-08  1.900D-09
   68.875000    1.9967725812741D-08  1.895D-09
   68.937500    1.9913480633393D-08  1.889D-09
   69.000000    1.9859431735721D-08  1.884D-09
   69.062500    1.9805578232876D-08  1.879D-09
   69.125000    1.9751919242842D-08  1.874D-09
   69.187500    1.9698453888347D-08  1.869D-09
   69.250000    1.9645181296882D-08  1.864D-09
   69.312500    1.9592100600621D-08  1.859D-09
   69.375000    1.9539210936452D-08  1.854D-09
   69.437500    1.9486511445902D-08  1.849D-09
   69.500000    1.9434001275121D-08  1.844D-09
   69.562500    1.9381679574866D-08  1.839D-09
   69.625000    1.9329545500458D-08  1.834D-09
   69.687500    1.9277598211737D-08  1.829D-09
   69.750000    1.9225836873074D-08  1.824D-09
   69.812500    1.9174260653309D-08  1.819D-09
   69.875000    1.9122868725753D-08  1.814D-09
   69.937500    1.9071660268115D-08  1.810D-09
   70.000000    1.9020634462514D-08  1.805D-09
   70.062500    1.8969790495455D-08  1.800D-09
   70.125000    1.8919127557767D-08  1.795D-09
   70.187500    1.8868644844595D-08  1.790D-09
   70.250000    1.8818341555385D-08  1.785D-09
   70.312500    1.8768216893848D-08  1.781D-09
   70.375000    1.8718270067912D-08  1.776D-09
   70.437500    1.8668500289735D-08  1.771D-09
   70.500000    1.8618906775645D-08  1.767D-09
   70.562500    1.8569488746137D-08  1.762D-09
   70.625000    1.8520245425840D-08  1.757D-09
   70.687500    1.8471176043470D-08  1.753D-09
   70.750000    1.8422279831848D-08  1.748D-09
   70.812500    1.8373556027846D-08  1.743D-09
   70.875000    1.8325003872361D-08  1.739D-09
   70.937500    1.8276622610303D-08  1.734D-09
   71.000000    1.8228411490543D-08  1.730D-09
   71.062500    1.8180369765957D-08  1.725D-09
   71.125000    1.8132496693298D-08  1.720D-09
   71.187500    1.8084791533261D-08  1.716D-09
   71.250000    1.8037253550421D-08  1.711D-09
   71.312500    1.7989882013208D-08  1.707D-09
   71.375000    1.7942676193909D-08  1.702D-09
   71.437500    1.7895635368583D-08  1.698D-09
   71.500000    1.7848758817131D-08  1.693D-09
   71.562500    1.7802045823181D-08  1.689D-09
   71.625000    1.7755495674117D-08  1.685D-09
   71.687500    1.7709107661074D-08  1.680D-09
   71.750000    1.7662881078847D-08  1.676D-09
   71.812500    1.7616815225922D-08  1.671D-09
   71.875000    1.7570909404434D-08  1.667D-09
   71.937500    1.7525162920169D-08  1.663D-09
   72.000000    1.7479575082506D-08  1.658D-09
   72.062500    1.7434145204414D-08  1.654D-09
   72.125000    1.7388872602429D-08  1.650D-09
   72.187500    1.7343756596642D-08  1.646D-09
   72.250000    1.7298796510650D-08  1.641D-09
   72.312500    1.7253991671571D-08  1.637D-09
   72.375000    1.7209341409991D-08  1.633D-09
   72.437500    1.7164845059969D-08  1.629D-09
   72.500000    1.7120501958974D-08  1.624D-09
   72.562500    1.7076311447943D-08  1.620D-09
   72.625000    1.7032272871155D-08  1.616D-09
   72.687500    1.6988385576298D-08  1.612D-09
   72.750000    1.6944648914432D-08  1.608D-09
   72.812500    1.6901062239923D-08  1.604D-09
   72.875000    1.6857624910473D-08  1.599D-09
   72.937500    1.6814336287061D-08  1.595D-09
   73.000000    1.6771195733970D-08  1.591D-09
   73.062500    1.6728202618724D-08  1.587D-09
   73.125000    1.6685356312101D-08  1.583D-09
   73.187500    1.6642656188061D-08  1.579D-09
   73.250000    1.6600101623828D-08  1.575D-09
   73.312500    1.6557691999738D-08  1.571D-09
   73.375000    1.6515426699331D-08  1.567D-09
   73.437500    1.6473305109293D-08  1.563D-09
   73.500000    1.6431326619395D-08  1.559D-09
   73.562500    1.6389490622565D-08  1.555D-09
   73.625000    1.6347796514793D-08  1.551D-09
   73.687500    1.6306243695119D-08  1.547D-09
   73.750000    1.6264831565666D-08  1.543D-09
   73.812500    1.6223559531584D-08  1.539D-09
   73.875000    1.6182427001022D-08  1.535D-09
   73.937500    1.6141433385155D-08  1.532D-09
   74.000000    1.6100578098099D-08  1.528D-09
   74.062500    1.6059860556960D-08  1.524D-09
   74.125000    1.6019280181781D-08  1.520D-09
   74.187500    1.5978836395537D-08  1.516D-09
   74.250000    1.5938528624107D-08  1.512D-09
   74.312500    1.5898356296261D-08  1.508D-09
   74.375000    1.5858318843651D-08  1.505D-09
   74.437500    1.5818415700784D-08  1.501D-09
   74.500000    1.5778646305002D-08  1.497D-09
   74.562500    1.5739010096499D-08  1.493D-09
   74.625000    1.5699506518258D-08  1.490D-09
   74.687500    1.5660135016054D-08  1.486D-09
   74.750000    1.5620895038424D-08  1.482D-09
   74.812500    1.5581786036713D-08  1.478D-09
   74.875000    1.5542807464966D-08  1.475D-09
   74.937500    1.5503958779952D-08  1.471D-09
   75.000000    1.5465239441210D-08  1.467D-09
   75.062500    1.5426648910897D-08  1.464D-09
   75.125000    1.5388186653905D-08  1.460D-09
   75.187500    1.5349852137777D-08  1.456D-09
   75.250000    1.5311644832709D-08  1.453D-09
   75.312500    1.5273564211510D-08  1.449D-09
   75.375000    1.5235609749644D-08  1.446D-09
   75.437500    1.5197780925139D-08  1.442D-09
   75.500000    1.5160077218641D-08  1.438D-09
   75.562500    1.5122498113373D-08  1.435D-09
   75.625000    1.5085043095091D-08  1.431D-09
   75.687500    1.5047711652105D-08  1.428D-09
   75.750000    1.5010503275269D-08  1.424D-09
   75.812500    1.4973417457943D-08  1.421D-09
   75.875000    1.4936453695972D-08  1.417D-09
   75.937500    1.4899611487717D-08  1.414D-09
   76.000000    1.4862890333977D-08  1.410D-09
   76.062500    1.4826289738043D-08  1.407D-09
   76.125000    1.4789809205631D-08  1.403D-09
   76.187500    1.4753448244890D-08  1.400D-09
   76.250000    1.4717206366370D-08  1.396D-09
   76.312500    1.4681083083040D-08  1.393D-09
   76.375000    1.4645077910271D-08  1.390D-09
   76.437500    1.4609190365771D-08  1.386D-09
   76.500000    1.4573419969622D-08  1.383D-09
   76.562500    1.4537766244281D-08  1.379D-09
   76.625000    1.4502228714509D-08  1.376D-09
   76.687500    1.4466806907390D-08  1.373D-09
   76.750000    1.4431500352336D-08  1.369D-09
   76.812500    1.4396308581013D-08  1.366D-09
   76.875000    1.4361231127427D-08  1.363D-09
   76.937500    1.4326267527797D-08  1.359D-09
   77.000000    1.4291417320615D-08  1.356D-09
   77.062500    1.4256680046644D-08  1.353D-09
   77.125000    1.4222055248835D-08  1.349D-09
   77.187500    1.4187542472388D-08  1.346D-09
   77.250000    1.4153141264676D-08  1.343D-09
   77.312500    1.4118851175300D-08  1.340D-09
   77.375000    1.4084671756021D-08  1.336D-09
   77.437500    1.4050602560778D-08  1.333D-09
   77.500000    1.4016643145636D-08  1.330D-09
   77.562500    1.3982793068850D-08  1.327D-09
   77.625000    1.3949051890774D-08  1.323D-09
   77.687500    1.3915419173884D-08  1.320D-09
   77.750000    1.3881894482764D-08  1.317D-09
   77.812500    1.3848477384122D-08  1.314D-09
   77.875000    1.3815167446699D-08  1.311D-09
   77.937500    1.3781964241350D-08  1.308D-09
   78.000000    1.3748867340975D-08  1.304D-09
   78.062500    1.3715876320516D-08  1.301D-09
   78.125000    1.3682990756972D-08  1.298D-09
   78.187500    1.3650210229344D-08  1.295D-09
   78.250000    1.3617534318673D-08  1.292D-09
   78.312500    1.3584962607984D-08  1.289D-09
   78.375000    1.3552494682295D-08  1.286D-09
   78.437500    1.3520130128624D-08  1.283D-09
   78.500000    1.3487868535941D-08  1.280D-09
   78.562500    1.3455709495181D-08  1.277D-09
   78.625000    1.3423652599221D-08  1.274D-09
   78.687500    1.3391697442901D-08  1.271D-09
   78.750000    1.3359843622955D-08  1.268D-09
   78.812500    1.3328090738046D-08  1.265D-09
   78.875000    1.3296438388740D-08  1.262D-09
   78.937500    1.3264886177521D-08  1.259D-09
   79.000000    1.3233433708728D-08  1.256D-09
   79.062500    1.3202080588583D-08  1.253D-09
   79.125000    1.3170826425175D-08  1.250D-09
   79.187500    1.3139670828448D-08  1.247D-09
   79.250000    1.3108613410180D-08  1.244D-09
   79.312500    1.3077653783994D-08  1.241D-09
   79.375000    1.3046791565333D-08  1.238D-09
   79.437500    1.3016026371445D-08  1.235D-09
   79.500000    1.2985357821392D-08  1.232D-09
   79.562500    1.2954785536014D-08  1.229D-09
   79.625000    1.2924309137952D-08  1.226D-09
   79.687500    1.2893928251617D-08  1.223D-09
   79.750000    1.2863642503180D-08  1.221D-09
   79.812500    1.2833451520548D-08  1.218D-09
   79.875000    1.2803354933412D-08  1.215D-09
   79.937500    1.2773352373164D-08  1.212D-09
   80.000000    1.2743443472943D-08  1.209D-09
   80.062500    1.2713627867586D-08  1.206D-09
   80.125000    1.2683905193646D-08  1.203D-09
   80.187500    1.2654275089397D-08  1.201D-09
   80.250000    1.2624737194740D-08  1.198D-09
   80.312500    1.2595291151325D-08  1.195D-09
   80.375000    1.2565936602419D-08  1.192D-09
   80.437500    1.2536673192985D-08  1.189D-09
   80.500000    1.2507500569618D-08  1.187D-09
   80.562500    1.2478418380572D-08  1.184D-09
   80.625000    1.2449426275696D-08  1.181D-09
   80.687500    1.2420523906550D-08  1.178D-09
   80.750000    1.2391710926187D-08  1.176D-09
   80.812500    1.2362986989361D-08  1.173D-09
   80.875000    1.2334351752394D-08  1.170D-09
   80.937500    1.2305804873223D-08  1.168D-09
   81.000000    1.2277346011316D-08  1.165D-09
   81.062500    1.2248974827755D-08  1.162D-09
   81.125000    1.2220690985192D-08  1.160D-09
   81.187500    1.2192494147796D-08  1.157D-09
   81.250000    1.2164383981328D-08  1.154D-09
   81.312500    1.2136360153055D-08  1.152D-09
   81.375000    1.2108422331789D-08  1.149D-09
   81.437500    1.2080570187859D-08  1.146D-09
   81.500000    1.2052803393139D-08  1.144D-09
   81.562500    1.2025121620948D-08  1.141D-09
   81.625000    1.1997524546173D-08  1.138D-09
   81.687500    1.1970011845148D-08  1.136D-09
   81.750000    1.1942583195703D-08  1.133D-09
   81.812500    1.1915238277135D-08  1.131D-09
   81.875000    1.1887976770216D-08  1.128D-09
   81.937500    1.1860798357186D-08  1.125D-09
   82.000000    1.1833702721722D-08  1.123D-09
   82.062500    1.1806689548945D-08  1.120D-09
   82.125000    1.1779758525414D-08  1.118D-09
   82.187500    1.1752909339131D-08  1.115D-09
   82.250000    1.1726141679499D-08  1.113D-09
   82.312500    1.1699455237332D-08  1.110D-09
   82.375000    1.1672849704876D-08  1.108D-09
   82.437500    1.1646324775741D-08  1.105D-09
   82.500000    1.1619880144961D-08  1.102D-09
   82.562500    1.1593515508930D-08  1.100D-09
   82.625000    1.1567230565429D-08  1.098D-09
   82.687500    1.1541025013614D-08  1.095D-09
   82.750000    1.1514898553967D-08  1.093D-09
   82.812500    1.1488850888381D-08  1.090D-09
   82.875000    1.1462881720062D-08  1.088D-09
   82.937500    1.1436990753543D-08  1.085D-09
   83.000000    1.1411177694732D-08  1.083D-09
   83.062500    1.1385442250825D-08  1.080D-09
   83.125000    1.1359784130347D-08  1.078D-09
   83.187500    1.1334203043158D-08  1.075D-09
   83.250000    1.1308698700399D-08  1.073D-09
   83.312500    1.1283270814512D-08  1.071D-09
   83.375000    1.1257919099240D-08  1.068D-09
   83.437500    1.1232643269606D-08  1.066D-09
   83.500000    1.1207443041909D-08  1.063D-09
   83.562500    1.1182318133727D-08  1.061D-09
   83.625000    1.1157268263893D-08  1.059D-09
   83.687500    1.1132293152515D-08  1.056D-09
   83.750000    1.1107392520922D-08  1.054D-09
   83.812500    1.1082566091719D-08  1.052D-09
   83.875000    1.1057813588741D-08  1.049D-09
   83.937500    1.1033134737053D-08  1.047D-09
   84.000000    1.1008529262951D-08  1.044D-09
   84.062500    1.0983996893934D-08  1.042D-09
   84.125000    1.0959537358721D-08  1.040D-09
   84.187500    1.0935150387260D-08  1.038D-09
   84.250000    1.0910835710681D-08  1.035D-09
   84.312500    1.0886593061295D-08  1.033D-09
   84.375000    1.0862422172631D-08  1.031D-09
   84.437500    1.0838322779375D-08  1.028D-09
   84.500000    1.0814294617395D-08  1.026D-09
   84.562500    1.0790337423753D-08  1.024D-09
   84.625000    1.0766450936643D-08  1.022D-09
   84.687500    1.0742634895431D-08  1.019D-09
   84.750000    1.0718889040638D-08  1.017D-09
   84.812500    1.0695213113920D-08  1.015D-09
   84.875000    1.0671606858076D-08  1.013D-09
   84.937500    1.0648070017042D-08  1.010D-09
   85.000000    1.0624602335885D-08  1.008D-09
   85.062500    1.0601203560805D-08  1.006D-09
   85.125000    1.0577873439089D-08  1.004D-09
   85.187500    1.0554611719168D-08  1.001D-09
   85.250000    1.0531418150546D-08  9.992D-10
   85.312500    1.0508292483850D-08  9.970D-10
   85.375000    1.0485234470801D-08  9.948D-10
   85.437500    1.0462243864197D-08  9.927D-10
   85.500000    1.0439320417918D-08  9.905D-10
   85.562500    1.0416463886943D-08  9.883D-10
   85.625000    1.0393674027300D-08  9.862D-10
   85.687500    1.0370950596076D-08  9.840D-10
   85.750000    1.0348293351459D-08  9.818D-10
   85.812500    1.0325702052645D-08  9.797D-10
   85.875000    1.0303176459930D-08  9.776D-10
   85.937500    1.0280716334601D-08  9.754D-10
   86.000000    1.0258321439024D-08  9.733D-10
   86.062500    1.0235991536585D-08  9.712D-10
   86.125000    1.0213726391688D-08  9.691D-10
   86.187500    1.0191525769804D-08  9.670D-10
   86.250000    1.0169389437365D-08  9.649D-10
   86.312500    1.0147317161864D-08  9.628D-10
   86.375000    1.0125308711761D-08  9.607D-10
   86.437500    1.0103363856563D-08  9.586D-10
   86.500000    1.0081482366731D-08  9.565D-10
   86.562500    1.0059664013761D-08  9.545D-10
   86.625000    1.0037908570103D-08  9.524D-10
   86.687500    1.0016215809208D-08  9.503D-10
   86.750000    9.9945855055033D-09  9.483D-10
   86.812500    9.9730174343918D-09  9.462D-10
   86.875000    9.9515113722303D-09  9.442D-10
   86.937500    9.9300670963640D-09  9.422D-10
   87.000000    9.9086843850663D-09  9.401D-10
   87.062500    9.8873630175996D-09  9.381D-10
   87.125000    9.8661027741425D-09  9.361D-10
   87.187500    9.8449034358263D-09  9.341D-10
   87.250000    9.8237647847469D-09  9.321D-10
   87.312500    9.8026866039045D-09  9.301D-10
   87.375000    9.7816686772519D-09  9.281D-10
   87.437500    9.7607107896340D-09  9.261D-10
   87.500000    9.7398127268607D-09  9.241D-10
   87.562500    9.7189742756339D-09  9.221D-10
   87.625000    9.6981952235599D-09  9.202D-10
   87.687500    9.6774753591736D-09  9.182D-10
   87.750000    9.6568144718898D-09  9.162D-10
   87.812500    9.6362123520522D-09  9.143D-10
   87.875000    9.6156687908603D-09  9.123D-10
   87.937500    9.5951835804301D-09  9.104D-10
   88.000000    9.5747565137580D-09  9.085D-10
   88.062500    9.5543873847203D-09  9.065D-10
   88.125000    9.5340759880497D-09  9.046D-10
   88.187500    9.5138221193953D-09  9.027D-10
   88.250000    9.4936255752259D-09  9.008D-10
   88.312500    9.4734861528909D-09  8.988D-10
   88.375000    9.4534036506198D-09  8.969D-10
   88.437500    9.4333778674619D-09  8.950D-10
   88.500000    9.4134086033469D-09  8.931D-10
   88.562500    9.3934956590365D-09  8.913D-10
   88.625000    9.3736388361246D-09  8.894D-10
   88.687500    9.3538379370608D-09  8.875D-10
   88.750000    9.3340927651270D-09  8.856D-10
   88.812500    9.3144031244252D-09  8.838D-10
   88.875000    9.2947688198892D-09  8.819D-10
   88.937500    9.2751896572607D-09  8.800D-10
   89.000000    9.2556654431377D-09  8.782D-10
   89.062500    9.2361959848898D-09  8.763D-10
   89.125000    9.2167810907066D-09  8.745D-10
   89.187500    9.1974205695977D-09  8.727D-10
   89.250000    9.1781142313686D-09  8.708D-10
   89.312500    9.1588618865964D-09  8.690D-10
   89.375000    9.1396633467025D-09  8.672D-10
   89.437500    9.1205184238677D-09  8.654D-10
   89.500000    9.1014269310449D-09  8.635D-10
   89.562500    9.0823886819825D-09  8.617D-10
   89.625000    9.0634034912370D-09  8.599D-10
   89.687500    9.0444711741006D-09  8.581D-10
   89.750000    9.0255915466490D-09  8.564D-10
   89.812500    9.0067644257179D-09  8.546D-10
   89.875000    8.9879896289265D-09  8.528D-10
   89.937500    8.9692669746300D-09  8.510D-10
   90.000000    8.9505962819669D-09  8.492D-10
   90.062500    8.9319773707875D-09  8.475D-10
   90.125000    8.9134100617379D-09  8.457D-10
   90.187500    8.8948941761878D-09  8.440D-10
   90.250000    8.8764295362181D-09  8.422D-10
   90.312500    8.8580159647059D-09  8.405D-10
   90.375000    8.8396532852274D-09  8.387D-10
   90.437500    8.8213413220826D-09  8.370D-10
   90.500000    8.8030799003311D-09  8.352D-10
   90.562500    8.7848688457197D-09  8.335D-10
   90.625000    8.7667079847431D-09  8.318D-10
   90.687500    8.7485971445953D-09  8.301D-10
   90.750000    8.7305361531937D-09  8.284D-10
   90.812500    8.7125248391554D-09  8.266D-10
   90.875000    8.6945630318207D-09  8.249D-10
   90.937500    8.6766505612296D-09  8.232D-10
   91.000000    8.6587872580973D-09  8.215D-10
   91.062500    8.6409729538745D-09  8.199D-10
   91.125000    8.6232074806631D-09  8.182D-10
   91.187500    8.6054906712767D-09  8.165D-10
   91.250000    8.5878223592281D-09  8.148D-10
   91.312500    8.5702023786934D-09  8.131D-10
   91.375000    8.5526305645361D-09  8.115D-10
   91.437500    8.5351067522829D-09  8.098D-10
   91.500000    8.5176307781598D-09  8.082D-10
   91.562500    8.5002024790444D-09  8.065D-10
   91.625000    8.4828216924770D-09  8.049D-10
   91.687500    8.4654882566857D-09  8.032D-10
   91.750000    8.4482020105256D-09  8.016D-10
   91.812500    8.4309627935389D-09  7.999D-10
   91.875000    8.4137704459072D-09  7.983D-10
   91.937500    8.3966248084632D-09  7.967D-10
   92.000000    8.3795257226909D-09  7.951D-10
   92.062500    8.3624730307253D-09  7.934D-10
   92.125000    8.3454665753407D-09  7.918D-10
   92.187500    8.3285061999385D-09  7.902D-10
   92.250000    8.3115917485590D-09  7.886D-10
   92.312500    8.2947230658940D-09  7.870D-10
   92.375000    8.2778999972502D-09  7.854D-10
   92.437500    8.2611223885612D-09  7.838D-10
   92.500000    8.2443900863760D-09  7.822D-10
   92.562500    8.2277029378945D-09  7.806D-10
   92.625000    8.2110607908955D-09  7.791D-10
   92.687500    8.1944634938092D-09  7.775D-10
   92.750000    8.1779108956564D-09  7.759D-10
   92.812500    8.1614028460732D-09  7.744D-10
   92.875000    8.1449391952985D-09  7.728D-10
   92.937500    8.1285197941743D-09  7.712D-10
   93.000000    8.1121444941574D-09  7.697D-10
   93.062500    8.0958131472959D-09  7.681D-10
   93.125000    8.0795256062042D-09  7.666D-10
   93.187500    8.0632817241484D-09  7.650D-10
   93.250000    8.0470813549128D-09  7.635D-10
   93.312500    8.0309243529452D-09  7.620D-10
   93.375000    8.0148105732118D-09  7.604D-10
   93.437500    7.9987398712940D-09  7.589D-10
   93.500000    7.9827121033518D-09  7.574D-10
   93.562500    7.9667271261002D-09  7.559D-10
   93.625000    7.9507847968571D-09  7.544D-10
   93.687500    7.9348849734830D-09  7.529D-10
   93.750000    7.9190275144173D-09  7.514D-10
   93.812500    7.9032122786784D-09  7.499D-10
   93.875000    7.8874391258272D-09  7.484D-10
   93.937500    7.8717079159914D-09  7.469D-10
   94.000000    7.8560185098656D-09  7.454D-10
   94.062500    7.8403707686872D-09  7.439D-10
   94.125000    7.8247645542360D-09  7.424D-10
   94.187500    7.8091997288708D-09  7.409D-10
   94.250000    7.7936761554812D-09  7.395D-10
   94.312500    7.7781936974992D-09  7.380D-10
   94.375000    7.7627522188996D-09  7.365D-10
   94.437500    7.7473515841999D-09  7.351D-10
   94.500000    7.7319916584483D-09  7.336D-10
   94.562500    7.7166723072477D-09  7.322D-10
   94.625000    7.7013933967074D-09  7.307D-10
   94.687500    7.6861547934796D-09  7.293D-10
   94.750000    7.6709563647469D-09  7.278D-10
   94.812500    7.6557979782108D-09  7.264D-10
   94.875000    7.6406795020909D-09  7.249D-10
   94.937500    7.6256008051379D-09  7.235D-10
   95.000000    7.6105617566088D-09  7.221D-10
   95.062500    7.5955622262791D-09  7.207D-10
   95.125000    7.5806020844431D-09  7.192D-10
   95.187500    7.5656812019014D-09  7.178D-10
   95.250000    7.5507994499733D-09  7.164D-10
   95.312500    7.5359567004604D-09  7.150D-10
   95.375000    7.5211528256831D-09  7.136D-10
   95.437500    7.5063876984680D-09  7.122D-10
   95.500000    7.4916611921365D-09  7.108D-10
   95.562500    7.4769731804920D-09  7.094D-10
   95.625000    7.4623235378448D-09  7.080D-10
   95.687500    7.4477121389995D-09  7.066D-10
   95.750000    7.4331388592552D-09  7.053D-10
   95.812500    7.4186035743933D-09  7.039D-10
   95.875000    7.4041061606657D-09  7.025D-10
   95.937500    7.3896464948306D-09  7.011D-10
   96.000000    7.3752244541047D-09  6.998D-10
   96.062500    7.3608399162113D-09  6.984D-10
   96.125000    7.3464927593195D-09  6.970D-10
   96.187500    7.3321828621054D-09  6.957D-10
   96.250000    7.3179101036791D-09  6.943D-10
   96.312500    7.3036743636691D-09  6.930D-10
   96.375000    7.2894755221142D-09  6.916D-10
   96.437500    7.2753134595837D-09  6.903D-10
   96.500000    7.2611880570451D-09  6.889D-10
   96.562500    7.2470991959841D-09  6.876D-10
   96.625000    7.2330467582968D-09  6.863D-10
   96.687500    7.2190306263857D-09  6.849D-10
   96.750000    7.2050506830634D-09  6.836D-10
   96.812500    7.1911068116368D-09  6.823D-10
   96.875000    7.1771988958352D-09  6.810D-10
   96.937500    7.1633268198339D-09  6.797D-10
   97.000000    7.1494904682907D-09  6.783D-10
   97.062500    7.1356897262734D-09  6.770D-10
   97.125000    7.1219244792961D-09  6.757D-10
   97.187500    7.1081946133432D-09  6.744D-10
   97.250000    7.0945000148092D-09  6.731D-10
   97.312500    7.0808405705348D-09  6.718D-10
   97.375000    7.0672161678070D-09  6.705D-10
   97.437500    7.0536266943228D-09  6.693D-10
   97.500000    7.0400720382253D-09  6.680D-10
   97.562500    7.0265520880921D-09  6.667D-10
   97.625000    7.0130667329226D-09  6.654D-10
   97.687500    6.9996158621505D-09  6.641D-10
   97.750000    6.9861993655956D-09  6.629D-10
   97.812500    6.9728171335477D-09  6.616D-10
   97.875000    6.9594690567069D-09  6.603D-10
   97.937500    6.9461550261593D-09  6.591D-10
   98.000000    6.9328749334491D-09  6.578D-10
   98.062500    6.9196286705066D-09  6.565D-10
   98.125000    6.9064161296841D-09  6.553D-10
   98.187500    6.8932372037560D-09  6.540D-10
   98.250000    6.8800917858708D-09  6.528D-10
   98.312500    6.8669797696230D-09  6.515D-10
   98.375000    6.8539010489932D-09  6.503D-10
   98.437500    6.8408555183719D-09  6.491D-10
   98.500000    6.8278430725477D-09  6.478D-10
   98.562500    6.8148636067193D-09  6.466D-10
   98.625000    6.8019170164472D-09  6.454D-10
   98.687500    6.7890031977380D-09  6.441D-10
   98.750000    6.7761220469724D-09  6.429D-10
   98.812500    6.7632734609048D-09  6.417D-10
   98.875000    6.7504573367119D-09  6.405D-10
   98.937500    6.7376735719320D-09  6.393D-10
   99.000000    6.7249220645258D-09  6.381D-10
   99.062500    6.7122027128035D-09  6.369D-10
   99.125000    6.6995154154735D-09  6.357D-10
   99.187500    6.6868600716299D-09  6.345D-10
   99.250000    6.6742365807652D-09  6.333D-10
   99.312500    6.6616448427091D-09  6.321D-10
   99.375000    6.6490847576898D-09  6.309D-10
   99.437500    6.6365562263332D-09  6.297D-10
   99.500000    6.6240591496150D-09  6.285D-10
   99.562500    6.6115934288850D-09  6.273D-10
   99.625000    6.5991589658544D-09  6.261D-10
   99.687500    6.5867556626328D-09  6.250D-10
   99.750000    6.5743834216794D-09  6.238D-10
   99.812500    6.5620421458274D-09  6.226D-10
   99.875000    6.5497317382475D-09  6.214D-10
   99.937500    6.5374521025206D-09  6.203D-10
  100.000000    6.5252031425413D-09  6.191D-10
  100.062500    6.5129847626020D-09  6.180D-10
  100.125000    6.5007968673329D-09  6.168D-10
  100.187500    6.4886393617139D-09  6.156D-10
  100.250000    6.4765121510989D-09  6.145D-10
  100.312500    6.4644151411915D-09  6.133D-10
  100.375000    6.4523482380452D-09  6.122D-10
  100.437500    6.4403113480509D-09  6.111D-10
  100.500000    6.4283043779616D-09  6.099D-10
  100.562500    6.4163272348801D-09  6.088D-10
  100.625000    6.4043798262466D-09  6.076D-10
  100.687500    6.3924620598635D-09  6.065D-10
  100.750000    6.3805738438466D-09  6.054D-10
  100.812500    6.3687150866734D-09  6.043D-10
  100.875000    6.3568856971595D-09  6.031D-10
  100.937500    6.3450855844457D-09  6.020D-10
  101.000000    6.3333146580349D-09  6.009D-10
  101.062500    6.3215728277556D-09  5.998D-10
  101.125000    6.3098600037379D-09  5.987D-10
  101.187500    6.2981760965097D-09  5.976D-10
  101.250000    6.2865210168645D-09  5.965D-10
  101.312500    6.2748946759574D-09  5.954D-10
  101.375000    6.2632969852814D-09  5.943D-10
  101.437500    6.2517278566431D-09  5.932D-10
  101.500000    6.2401872021624D-09  5.921D-10
  101.562500    6.2286749342973D-09  5.910D-10
  101.625000    6.2171909658192D-09  5.899D-10
  101.687500    6.2057352098613D-09  5.888D-10
  101.750000    6.1943075798342D-09  5.877D-10
  101.812500    6.1829079894743D-09  5.866D-10
  101.875000    6.1715363528195D-09  5.856D-10
  101.937500    6.1601925842693D-09  5.845D-10
  102.000000    6.1488765984888D-09  5.834D-10
  102.062500    6.1375883105050D-09  5.823D-10
  102.125000    6.1263276355979D-09  5.813D-10
  102.187500    6.1150944894095D-09  5.802D-10
  102.250000    6.1038887878834D-09  5.791D-10
  102.312500    6.0927104472285D-09  5.781D-10
  102.375000    6.0815593840154D-09  5.770D-10
  102.437500    6.0704355150922D-09  5.760D-10
  102.500000    6.0593387576087D-09  5.749D-10
  102.562500    6.0482690290160D-09  5.739D-10
  102.625000    6.0372262471031D-09  5.728D-10
  102.687500    6.0262103299000D-09  5.718D-10
  102.750000    6.0152211957747D-09  5.707D-10
  102.812500    6.0042587633844D-09  5.697D-10
  102.875000    5.9933229516759D-09  5.686D-10
  102.937500    5.9824136799098D-09  5.676D-10
  103.000000    5.9715308676116D-09  5.666D-10
  103.062500    5.9606744346329D-09  5.656D-10
  103.125000    5.9498443010783D-09  5.645D-10
  103.187500    5.9390403873781D-09  5.635D-10
  103.250000    5.9282626142403D-09  5.625D-10
  103.312500    5.9175109026378D-09  5.615D-10
  103.375000    5.9067851738575D-09  5.604D-10
  103.437500    5.8960853494634D-09  5.594D-10
  103.500000    5.8854113512971D-09  5.584D-10
  103.562500    5.8747631015017D-09  5.574D-10
  103.625000    5.8641405224736D-09  5.564D-10
  103.687500    5.8535435369108D-09  5.554D-10
  103.750000    5.8429720677764D-09  5.544D-10
  103.812500    5.8324260383353D-09  5.534D-10
  103.875000    5.8219053720936D-09  5.524D-10
  103.937500    5.8114099928709D-09  5.514D-10
  104.000000    5.8009398247281D-09  5.504D-10
  104.062500    5.7904947920276D-09  5.494D-10
  104.125000    5.7800748193851D-09  5.484D-10
  104.187500    5.7696798316938D-09  5.474D-10
  104.250000    5.7593097541121D-09  5.464D-10
  104.312500    5.7489645120759D-09  5.455D-10
  104.375000    5.7386440312746D-09  5.445D-10
  104.437500    5.7283482376866D-09  5.435D-10
  104.500000    5.7180770575441D-09  5.425D-10
  104.562500    5.7078304173202D-09  5.416D-10
  104.625000    5.6976082438017D-09  5.406D-10
  104.687500    5.6874104639925D-09  5.396D-10
  104.750000    5.6772370051861D-09  5.387D-10
  104.812500    5.6670877949171D-09  5.377D-10
  104.875000    5.6569627609735D-09  5.367D-10
  104.937500    5.6468618314326D-09  5.358D-10
  105.000000    5.6367849346130D-09  5.348D-10
  105.062500    5.6267319990627D-09  5.339D-10
  105.125000    5.6167029536310D-09  5.329D-10
  105.187500    5.6066977273723D-09  5.320D-10
  105.250000    5.5967162496426D-09  5.310D-10
  105.312500    5.5867584500149D-09  5.301D-10
  105.375000    5.5768242583156D-09  5.291D-10
  105.437500    5.5669136046365D-09  5.282D-10
  105.500000    5.5570264193105D-09  5.273D-10
  105.562500    5.5471626328998D-09  5.263D-10
  105.625000    5.5373221762438D-09  5.254D-10
  105.687500    5.5275049804115D-09  5.245D-10
  105.750000    5.5177109767127D-09  5.235D-10
  105.812500    5.5079400966987D-09  5.226D-10
  105.875000    5.4981922721860D-09  5.217D-10
  105.937500    5.4884674351963D-09  5.207D-10
  106.000000    5.4787655180287D-09  5.198D-10
  106.062500    5.4690864531871D-09  5.189D-10
  106.125000    5.4594301734291D-09  5.180D-10
  106.187500    5.4497966117653D-09  5.171D-10
  106.250000    5.4401857014236D-09  5.162D-10
  106.312500    5.4305973758609D-09  5.153D-10
  106.375000    5.4210315687876D-09  5.143D-10
  106.437500    5.4114882141431D-09  5.134D-10
  106.500000    5.4019672460841D-09  5.125D-10
  106.562500    5.3924685990203D-09  5.116D-10
  106.625000    5.3829922075668D-09  5.107D-10
  106.687500    5.3735380065918D-09  5.098D-10
  106.750000    5.3641059311806D-09  5.089D-10
  106.812500    5.3546959166479D-09  5.081D-10
  106.875000    5.3453078985493D-09  5.072D-10
  106.937500    5.3359418126337D-09  5.063D-10
  107.000000    5.3265975949032D-09  5.054D-10
  107.062500    5.3172751815768D-09  5.045D-10
  107.125000    5.3079745090790D-09  5.036D-10
  107.187500    5.2986955140992D-09  5.027D-10
  107.250000    5.2894381334960D-09  5.019D-10
  107.312500    5.2802023043932D-09  5.010D-10
  107.375000    5.2709879640956D-09  5.001D-10
  107.437500    5.2617950501613D-09  4.992D-10
  107.500000    5.2526235003414D-09  4.984D-10
  107.562500    5.2434732526160D-09  4.975D-10
  107.625000    5.2343442451827D-09  4.966D-10
  107.687500    5.2252364164317D-09  4.958D-10
  107.750000    5.2161497049947D-09  4.949D-10
  107.812500    5.2070840497204D-09  4.940D-10
  107.875000    5.1980393896264D-09  4.932D-10
  107.937500    5.1890156640078D-09  4.923D-10
  108.000000    5.1800128123042D-09  4.915D-10
  108.062500    5.1710307742089D-09  4.906D-10
  108.125000    5.1620694896078D-09  4.898D-10
  108.187500    5.1531288986041D-09  4.889D-10
  108.250000    5.1442089414942D-09  4.881D-10
  108.312500    5.1353095587912D-09  4.872D-10
  108.375000    5.1264306912015D-09  4.864D-10
  108.437500    5.1175722796726D-09  4.856D-10
  108.500000    5.1087342653089D-09  4.847D-10
  108.562500    5.0999165894560D-09  4.839D-10
  108.625000    5.0911191936164D-09  4.830D-10
  108.687500    5.0823420195577D-09  4.822D-10
  108.750000    5.0735850091805D-09  4.814D-10
  108.812500    5.0648481046506D-09  4.806D-10
  108.875000    5.0561312482666D-09  4.797D-10
  108.937500    5.0474343825922D-09  4.789D-10
  109.000000    5.0387574503242D-09  4.781D-10
  109.062500    5.0301003944124D-09  4.773D-10
  109.125000    5.0214631579756D-09  4.764D-10
  109.187500    5.0128456843134D-09  4.756D-10
  109.250000    5.0042479169548D-09  4.748D-10
  109.312500    4.9956697995975D-09  4.740D-10
  109.375000    4.9871112761322D-09  4.732D-10
  109.437500    4.9785722906548D-09  4.724D-10
  109.500000    4.9700527874541D-09  4.716D-10
  109.562500    4.9615527109878D-09  4.708D-10
  109.625000    4.9530720059185D-09  4.699D-10
  109.687500    4.9446106171021D-09  4.691D-10
  109.750000    4.9361684895752D-09  4.683D-10
  109.812500    4.9277455685675D-09  4.675D-10
  109.875000    4.9193417994776D-09  4.667D-10
  109.937500    4.9109571279211D-09  4.660D-10
  110.000000    4.9025914996825D-09  4.652D-10
  110.062500    4.8942448607154D-09  4.644D-10
  110.125000    4.8859171571781D-09  4.636D-10
  110.187500    4.8776083354222D-09  4.628D-10
  110.250000    4.8693183419439D-09  4.620D-10
  110.312500    4.8610471234445D-09  4.612D-10
  110.375000    4.8527946268304D-09  4.604D-10
  110.437500    4.8445607991284D-09  4.597D-10
  110.500000    4.8363455876070D-09  4.589D-10
  110.562500    4.8281489396669D-09  4.581D-10
  110.625000    4.8199708029142D-09  4.573D-10
  110.687500    4.8118111251237D-09  4.565D-10
  110.750000    4.8036698542392D-09  4.558D-10
  110.812500    4.7955469383973D-09  4.550D-10
  110.875000    4.7874423259038D-09  4.542D-10
  110.937500    4.7793559652209D-09  4.535D-10
  111.000000    4.7712878050163D-09  4.527D-10
  111.062500    4.7632377941021D-09  4.519D-10
  111.125000    4.7552058814836D-09  4.512D-10
  111.187500    4.7471920163228D-09  4.504D-10
  111.250000    4.7391961479748D-09  4.497D-10
  111.312500    4.7312182259273D-09  4.489D-10
  111.375000    4.7232581998852D-09  4.481D-10
  111.437500    4.7153160196739D-09  4.474D-10
  111.500000    4.7073916353362D-09  4.466D-10
  111.562500    4.6994849970473D-09  4.459D-10
  111.625000    4.6915960551634D-09  4.451D-10
  111.687500    4.6837247601977D-09  4.444D-10
  111.750000    4.6758710628320D-09  4.436D-10
  111.812500    4.6680349139413D-09  4.429D-10
  111.875000    4.6602162645211D-09  4.422D-10
  111.937500    4.6524150657481D-09  4.414D-10
  112.000000    4.6446312689916D-09  4.407D-10
  112.062500    4.6368648257299D-09  4.399D-10
  112.125000    4.6291156876338D-09  4.392D-10
  112.187500    4.6213838065555D-09  4.385D-10
  112.250000    4.6136691344677D-09  4.377D-10
  112.312500    4.6059716235117D-09  4.370D-10
  112.375000    4.5982912260223D-09  4.363D-10
  112.437500    4.5906278944544D-09  4.356D-10
  112.500000    4.5829815814322D-09  4.348D-10
  112.562500    4.5753522397365D-09  4.341D-10
  112.625000    4.5677398223290D-09  4.334D-10
  112.687500    4.5601442822923D-09  4.327D-10
  112.750000    4.5525655728897D-09  4.319D-10
  112.812500    4.5450036475292D-09  4.312D-10
  112.875000    4.5374584597638D-09  4.305D-10
  112.937500    4.5299299633272D-09  4.298D-10
  113.000000    4.5224181120859D-09  4.291D-10
  113.062500    4.5149228600633D-09  4.284D-10
  113.125000    4.5074441614395D-09  4.277D-10
  113.187500    4.4999819705394D-09  4.270D-10
  113.250000    4.4925362418446D-09  4.263D-10
  113.312500    4.4851069299817D-09  4.255D-10
  113.375000    4.4776939897339D-09  4.248D-10
  113.437500    4.4702973760412D-09  4.241D-10
  113.500000    4.4629170439645D-09  4.234D-10
  113.562500    4.4555529487453D-09  4.227D-10
  113.625000    4.4482050457460D-09  4.220D-10
  113.687500    4.4408732904977D-09  4.214D-10
  113.750000    4.4335576386643D-09  4.207D-10
  113.812500    4.4262580460664D-09  4.200D-10
  113.875000    4.4189744686575D-09  4.193D-10
  113.937500    4.4117068625356D-09  4.186D-10
