
variables = "r", "tA(r)", "Uncertainty"
zone T = "State 2 qA(r)  66N16p6q3Rf4_40     "

    1.500000   -1.5619776929740D-04  1.483D-05
    1.562500   -1.4965345605054D-04  1.421D-05
    1.625000   -1.4288210191430D-04  1.356D-05
    1.687500   -1.3591942856745D-04  1.290D-05
    1.750000   -1.2880315314924D-04  1.223D-05
    1.812500   -1.2157235142145D-04  1.154D-05
    1.875000   -1.1426680472288D-04  1.085D-05
    1.937500   -1.0692634987062D-04  1.015D-05
    2.000000   -9.9590250485153D-05  9.455D-06
    2.062500   -9.2296606708075D-05  8.762D-06
    2.125000   -8.5081818066188D-05  8.077D-06
    2.187500   -7.7980111479070D-05  7.403D-06
    2.250000   -7.1023143297520D-05  6.743D-06
    2.312500   -6.4239680994718D-05  6.099D-06
    2.375000   -5.7655366899288D-05  5.474D-06
    2.437500   -5.1292563327578D-05  4.870D-06
    2.500000   -4.5170275777819D-05  4.288D-06
    2.562500   -3.9304148590643D-05  3.731D-06
    2.625000   -3.3706525718543D-05  3.200D-06
    2.687500   -2.8386568003175D-05  2.695D-06
    2.750000   -2.3350417622179D-05  2.217D-06
    2.812500   -1.8601400097409D-05  1.766D-06
    2.875000   -1.4140254394823D-05  1.342D-06
    2.937500   -9.9653821211205D-06  9.461D-07
    3.000000   -6.0731075559550D-06  5.766D-07
    3.062500   -2.4579411740728D-06  2.333D-07
    3.125000    8.8715966298861D-07  8.422D-08
    3.187500    3.9705380948303D-06  3.770D-07
    3.250000    6.8015974150970D-06  6.457D-07
    3.312500    9.3905761603512D-06  8.915D-07
    3.375000    1.1748340871970D-05  1.115D-06
    3.437500    1.3886197935169D-05  1.318D-06
    3.500000    1.5815725178773D-05  1.501D-06
    3.562500    1.7548623315230D-05  1.666D-06
    3.625000    1.9096586810513D-05  1.813D-06
    3.687500    2.0471193391369D-05  1.943D-06
    3.750000    2.1683811113409D-05  2.059D-06
    3.812500    2.2745521716209D-05  2.159D-06
    3.875000    2.3667058868832D-05  2.247D-06
    3.937500    2.4458759848602D-05  2.322D-06
    4.000000    2.5130529185831D-05  2.386D-06
    4.062500    2.5691812836680D-05  2.439D-06
    4.125000    2.6151581505648D-05  2.483D-06
    4.187500    2.6518321819949D-05  2.518D-06
    4.250000    2.6800034153080D-05  2.544D-06
    4.312500    2.7004235998225D-05  2.564D-06
    4.375000    2.7137969899129D-05  2.576D-06
    4.437500    2.7207815052909D-05  2.583D-06
    4.500000    2.7219901803128D-05  2.584D-06
    4.562500    2.7179928340408D-05  2.580D-06
    4.625000    2.7093179020365D-05  2.572D-06
    4.687500    2.6964543793987D-05  2.560D-06
    4.750000    2.6798538323193D-05  2.544D-06
    4.812500    2.6599324424213D-05  2.525D-06
    4.875000    2.6370730543585D-05  2.504D-06
    4.937500    2.6116272026462D-05  2.479D-06
    5.000000    2.5839170984830D-05  2.453D-06
    5.062500    2.5542375614781D-05  2.425D-06
    5.125000    2.5228578847616D-05  2.395D-06
    5.187500    2.4900236249916D-05  2.364D-06
    5.250000    2.4559583113299D-05  2.332D-06
    5.312500    2.4208650695976D-05  2.298D-06
    5.375000    2.3849281595904D-05  2.264D-06
    5.437500    2.3483144249759D-05  2.229D-06
    5.500000    2.3111746563648D-05  2.194D-06
    5.562500    2.2736448690687D-05  2.159D-06
    5.625000    2.2358474977807D-05  2.123D-06
    5.687500    2.1978925109594D-05  2.087D-06
    5.750000    2.1598784480995D-05  2.051D-06
    5.812500    2.1218933833487D-05  2.014D-06
    5.875000    2.0840158191135D-05  1.978D-06
    5.937500    2.0463155133874D-05  1.943D-06
    6.000000    2.0088542445707D-05  1.907D-06
    6.062500    1.9716865175235D-05  1.872D-06
    6.125000    1.9348602145319D-05  1.837D-06
    6.187500    1.8984171947663D-05  1.802D-06
    6.250000    1.8623938456943D-05  1.768D-06
    6.312500    1.8268215897665D-05  1.734D-06
    6.375000    1.7917273495461D-05  1.701D-06
    6.437500    1.7571339742927D-05  1.668D-06
    6.500000    1.7230606308484D-05  1.636D-06
    6.562500    1.6895231615108D-05  1.604D-06
    6.625000    1.6565344114147D-05  1.573D-06
    6.687500    1.6241045277860D-05  1.542D-06
    6.750000    1.5922412332748D-05  1.512D-06
    6.812500    1.5609500754267D-05  1.482D-06
    6.875000    1.5302346542079D-05  1.453D-06
    6.937500    1.5000968293635D-05  1.424D-06
    7.000000    1.4705369092572D-05  1.396D-06
    7.062500    1.4415538227218D-05  1.369D-06
    7.125000    1.4131452753313D-05  1.342D-06
    7.187500    1.3853078913997D-05  1.315D-06
    7.250000    1.3580373429086D-05  1.289D-06
    7.312500    1.3313284664745D-05  1.264D-06
    7.375000    1.3051753693739D-05  1.239D-06
    7.437500    1.2795715255678D-05  1.215D-06
    7.500000    1.2545098625874D-05  1.191D-06
    7.562500    1.2299828400745D-05  1.168D-06
    7.625000    1.2059825207039D-05  1.145D-06
    7.687500    1.1825006341568D-05  1.123D-06
    7.750000    1.1595286347559D-05  1.101D-06
    7.812500    1.1370577533244D-05  1.079D-06
    7.875000    1.1150790437822D-05  1.059D-06
    7.937500    1.0935834249498D-05  1.038D-06
    8.000000    1.0725617179911D-05  1.018D-06
    8.062500    1.0520046798883D-05  9.987D-07
    8.125000    1.0319030333086D-05  9.797D-07
    8.187500    1.0122474931938D-05  9.610D-07
    8.250000    9.9302879037114D-06  9.428D-07
    8.312500    9.7423769246254D-06  9.249D-07
    8.375000    9.5586502234129D-06  9.075D-07
    8.437500    9.3790167436651D-06  8.904D-07
    8.500000    9.2033862860391D-06  8.737D-07
    8.562500    9.0316696322365D-06  8.574D-07
    8.625000    8.8637786524944D-06  8.415D-07
    8.687500    8.6996263981722D-06  8.259D-07
    8.750000    8.5391271808836D-06  8.107D-07
    8.812500    8.3821966394871D-06  7.958D-07
    8.875000    8.2287517961387D-06  7.812D-07
    8.937500    8.0787111024978D-06  7.670D-07
    9.000000    7.9319944770812D-06  7.530D-07
    9.062500    7.7885233346713D-06  7.394D-07
    9.125000    7.6482206086010D-06  7.261D-07
    9.187500    7.5110107666651D-06  7.131D-07
    9.250000    7.3768198213379D-06  7.003D-07
    9.312500    7.2455753349162D-06  6.879D-07
    9.375000    7.1172064201485D-06  6.757D-07
    9.437500    6.9916437368604D-06  6.638D-07
    9.500000    6.8688194850391D-06  6.521D-07
    9.562500    6.7486673947952D-06  6.407D-07
    9.625000    6.6311227135818D-06  6.295D-07
    9.687500    6.5161221910166D-06  6.186D-07
    9.750000    6.4036040616149D-06  6.079D-07
    9.812500    6.2935080257188D-06  5.975D-07
    9.875000    6.1857752288735D-06  5.873D-07
    9.937500    6.0803482398822D-06  5.772D-07
   10.000000    5.9771710277459D-06  5.675D-07
   10.062500    5.8761889376739D-06  5.579D-07
   10.125000    5.7773486663343D-06  5.485D-07
   10.187500    5.6805982364928D-06  5.393D-07
   10.250000    5.5858869711775D-06  5.303D-07
   10.312500    5.4931654674884D-06  5.215D-07
   10.375000    5.4023855701623D-06  5.129D-07
   10.437500    5.3135003449872D-06  5.044D-07
   10.500000    5.2264640521549D-06  4.962D-07
   10.562500    5.1412321196258D-06  4.881D-07
   10.625000    5.0577611165759D-06  4.802D-07
   10.687500    4.9760087269839D-06  4.724D-07
   10.750000    4.8959337234130D-06  4.648D-07
   10.812500    4.8174959410319D-06  4.574D-07
   10.875000    4.7406562519164D-06  4.501D-07
   10.937500    4.6653765396665D-06  4.429D-07
   11.000000    4.5916196743687D-06  4.359D-07
   11.062500    4.5193494879303D-06  4.291D-07
   11.125000    4.4485307498063D-06  4.223D-07
   11.187500    4.3791291431392D-06  4.157D-07
   11.250000    4.3111112413244D-06  4.093D-07
   11.312500    4.2444444850167D-06  4.030D-07
   11.375000    4.1790971595847D-06  3.968D-07
   11.437500    4.1150383730231D-06  3.907D-07
   11.500000    4.0522380343259D-06  3.847D-07
   11.562500    3.9906668323270D-06  3.789D-07
   11.625000    3.9302962150073D-06  3.731D-07
   11.687500    3.8710983692709D-06  3.675D-07
   11.750000    3.8130462011881D-06  3.620D-07
   11.812500    3.7561133167050D-06  3.566D-07
   11.875000    3.7002740028140D-06  3.513D-07
   11.937500    3.6455032091850D-06  3.461D-07
   12.000000    3.5917765302493D-06  3.410D-07
   12.062500    3.5390701877324D-06  3.360D-07
   12.125000    3.4873610136306D-06  3.311D-07
   12.187500    3.4366264336227D-06  3.263D-07
   12.250000    3.3868444509129D-06  3.215D-07
   12.312500    3.3379936304944D-06  3.169D-07
   12.375000    3.2900530838296D-06  3.123D-07
   12.437500    3.2430024539361D-06  3.079D-07
   12.500000    3.1968219008730D-06  3.035D-07
   12.562500    3.1514920876175D-06  2.992D-07
   12.625000    3.1069941663250D-06  2.950D-07
   12.687500    3.0633097649634D-06  2.908D-07
   12.750000    3.0204209743139D-06  2.867D-07
   12.812500    2.9783103353294D-06  2.828D-07
   12.875000    2.9369608268428D-06  2.788D-07
   12.937500    2.8963558536161D-06  2.750D-07
   13.000000    2.8564792347225D-06  2.712D-07
   13.062500    2.8173151922531D-06  2.675D-07
   13.125000    2.7788483403401D-06  2.638D-07
   13.187500    2.7410636744884D-06  2.602D-07
   13.250000    2.7039465612076D-06  2.567D-07
   13.312500    2.6674827279365D-06  2.532D-07
   13.375000    2.6316582532528D-06  2.498D-07
   13.437500    2.5964595573595D-06  2.465D-07
   13.500000    2.5618733928417D-06  2.432D-07
   13.562500    2.5278868356851D-06  2.400D-07
   13.625000    2.4944872765504D-06  2.368D-07
   13.687500    2.4616624122959D-06  2.337D-07
   13.750000    2.4294002377406D-06  2.306D-07
   13.812500    2.3976890376633D-06  2.276D-07
   13.875000    2.3665173790279D-06  2.247D-07
   13.937500    2.3358741034320D-06  2.218D-07
   14.000000    2.3057483197693D-06  2.189D-07
   14.062500    2.2761293971023D-06  2.161D-07
   14.125000    2.2470069577371D-06  2.133D-07
   14.187500    2.2183708704963D-06  2.106D-07
   14.250000    2.1902112441826D-06  2.079D-07
   14.312500    2.1625184212297D-06  2.053D-07
   14.375000    2.1352829715327D-06  2.027D-07
   14.437500    2.1084956864543D-06  2.002D-07
   14.500000    2.0821475730016D-06  1.977D-07
   14.562500    2.0562298481677D-06  1.952D-07
   14.625000    2.0307339334342D-06  1.928D-07
   14.687500    2.0056514494293D-06  1.904D-07
   14.750000    1.9809742107370D-06  1.881D-07
   14.812500    1.9566942208532D-06  1.858D-07
   14.875000    1.9328036672841D-06  1.835D-07
   14.937500    1.9092949167834D-06  1.813D-07
   15.000000    1.8861605107226D-06  1.791D-07
   15.062500    1.8633931605925D-06  1.769D-07
   15.125000    1.8409857436308D-06  1.748D-07
   15.187500    1.8189312985719D-06  1.727D-07
   15.250000    1.7972230215164D-06  1.706D-07
   15.312500    1.7758542619156D-06  1.686D-07
   15.375000    1.7548185186684D-06  1.666D-07
   15.437500    1.7341094363267D-06  1.646D-07
   15.500000    1.7137208014068D-06  1.627D-07
   15.562500    1.6936465388028D-06  1.608D-07
   15.625000    1.6738807082998D-06  1.589D-07
   15.687500    1.6544175011831D-06  1.571D-07
   15.750000    1.6352512369421D-06  1.552D-07
   15.812500    1.6163763600635D-06  1.535D-07
   15.875000    1.5977874369147D-06  1.517D-07
   15.937500    1.5794791527108D-06  1.500D-07
   16.000000    1.5614463085664D-06  1.482D-07
   16.062500    1.5436838186269D-06  1.466D-07
   16.125000    1.5261867072790D-06  1.449D-07
   16.187500    1.5089501064365D-06  1.433D-07
   16.250000    1.4919692529006D-06  1.416D-07
   16.312500    1.4752394857910D-06  1.401D-07
   16.375000    1.4587562440471D-06  1.385D-07
   16.437500    1.4425150639969D-06  1.369D-07
   16.500000    1.4265115769909D-06  1.354D-07
   16.562500    1.4107415071001D-06  1.339D-07
   16.625000    1.3952006688753D-06  1.325D-07
   16.687500    1.3798849651671D-06  1.310D-07
   16.750000    1.3647903850036D-06  1.296D-07
   16.812500    1.3499130015248D-06  1.282D-07
   16.875000    1.3352489699722D-06  1.268D-07
   16.937500    1.3207945257316D-06  1.254D-07
   17.000000    1.3065459824275D-06  1.240D-07
   17.062500    1.2924997300682D-06  1.227D-07
   17.125000    1.2786522332398D-06  1.214D-07
   17.187500    1.2650000293474D-06  1.201D-07
   17.250000    1.2515397269027D-06  1.188D-07
   17.312500    1.2382680038563D-06  1.176D-07
   17.375000    1.2251816059734D-06  1.163D-07
   17.437500    1.2122773452526D-06  1.151D-07
   17.500000    1.1995520983844D-06  1.139D-07
   17.562500    1.1870028052510D-06  1.127D-07
   17.625000    1.1746264674644D-06  1.115D-07
   17.687500    1.1624201469418D-06  1.104D-07
   17.750000    1.1503809645183D-06  1.092D-07
   17.812500    1.1385060985953D-06  1.081D-07
   17.875000    1.1267927838225D-06  1.070D-07
   17.937500    1.1152383098149D-06  1.059D-07
   18.000000    1.1038400199017D-06  1.048D-07
   18.062500    1.0925953099072D-06  1.037D-07
   18.125000    1.0815016269625D-06  1.027D-07
   18.187500    1.0705564683478D-06  1.016D-07
   18.250000    1.0597573803631D-06  1.006D-07
   18.312500    1.0491019572280D-06  9.960D-08
   18.375000    1.0385878400089D-06  9.860D-08
   18.437500    1.0282127155730D-06  9.762D-08
   18.500000    1.0179743155685D-06  9.664D-08
   18.562500    1.0078704154304D-06  9.568D-08
   18.625000    9.9789883341066D-07  9.474D-08
   18.687500    9.8805742963291D-07  9.380D-08
   18.750000    9.7834410516999D-07  9.288D-08
   18.812500    9.6875680114470D-07  9.197D-08
   18.875000    9.5929349785250D-07  9.107D-08
   18.937500    9.4995221390577D-07  9.019D-08
   19.000000    9.4073100539910D-07  8.931D-08
   19.062500    9.3162796509489D-07  8.845D-08
   19.125000    9.2264122162888D-07  8.759D-08
   19.187500    9.1376893873493D-07  8.675D-08
   19.250000    9.0500931448865D-07  8.592D-08
   19.312500    8.9636058056933D-07  8.510D-08
   19.375000    8.8782100153966D-07  8.429D-08
   19.437500    8.7938887414275D-07  8.349D-08
   19.500000    8.7106252661616D-07  8.270D-08
   19.562500    8.6284031802219D-07  8.192D-08
   19.625000    8.5472063759430D-07  8.114D-08
   19.687500    8.4670190409908D-07  8.038D-08
   19.750000    8.3878256521329D-07  7.963D-08
   19.812500    8.3096109691583D-07  7.889D-08
   19.875000    8.2323600289396D-07  7.816D-08
   19.937500    8.1560581396364D-07  7.743D-08
   20.000000    8.0806908750332D-07  7.672D-08
   20.062500    8.0062440690132D-07  7.601D-08
   20.125000    7.9327038101586D-07  7.531D-08
   20.187500    7.8600564364783D-07  7.462D-08
   20.250000    7.7882885302598D-07  7.394D-08
   20.312500    7.7173869130370D-07  7.327D-08
   20.375000    7.6473386406789D-07  7.260D-08
   20.437500    7.5781309985890D-07  7.194D-08
   20.500000    7.5097514970167D-07  7.130D-08
   20.562500    7.4421878664759D-07  7.065D-08
   20.625000    7.3754280532697D-07  7.002D-08
   20.687500    7.3094602151165D-07  6.939D-08
   20.750000    7.2442727168764D-07  6.877D-08
   20.812500    7.1798541263755D-07  6.816D-08
   20.875000    7.1161932103239D-07  6.756D-08
   20.937500    7.0532789303273D-07  6.696D-08
   21.000000    6.9911004389886D-07  6.637D-08
   21.062500    6.9296470760966D-07  6.579D-08
   21.125000    6.8689083649016D-07  6.521D-08
   21.187500    6.8088740084736D-07  6.464D-08
   21.250000    6.7495338861431D-07  6.408D-08
   21.312500    6.6908780500198D-07  6.352D-08
   21.375000    6.6328967215910D-07  6.297D-08
   21.437500    6.5755802883933D-07  6.243D-08
   21.500000    6.5189193007597D-07  6.189D-08
   21.562500    6.4629044686382D-07  6.136D-08
   21.625000    6.4075266584799D-07  6.083D-08
   21.687500    6.3527768901970D-07  6.031D-08
   21.750000    6.2986463341858D-07  5.980D-08
   21.812500    6.2451263084166D-07  5.929D-08
   21.875000    6.1922082755859D-07  5.879D-08
   21.937500    6.1398838403309D-07  5.829D-08
   22.000000    6.0881447465055D-07  5.780D-08
   22.062500    6.0369828745137D-07  5.731D-08
   22.125000    5.9863902387025D-07  5.683D-08
   22.187500    5.9363589848093D-07  5.636D-08
   22.250000    5.8868813874656D-07  5.589D-08
   22.312500    5.8379498477539D-07  5.542D-08
   22.375000    5.7895568908160D-07  5.496D-08
   22.437500    5.7416951635144D-07  5.451D-08
   22.500000    5.6943574321412D-07  5.406D-08
   22.562500    5.6475365801779D-07  5.362D-08
   22.625000    5.6012256061011D-07  5.318D-08
   22.687500    5.5554176212352D-07  5.274D-08
   22.750000    5.5101058476510D-07  5.231D-08
   22.812500    5.4652836161074D-07  5.189D-08
   22.875000    5.4209443640378D-07  5.146D-08
   22.937500    5.3770816335767D-07  5.105D-08
   23.000000    5.3336890696301D-07  5.064D-08
   23.062500    5.2907604179839D-07  5.023D-08
   23.125000    5.2482895234529D-07  4.983D-08
   23.187500    5.2062703280675D-07  4.943D-08
   23.250000    5.1646968692993D-07  4.903D-08
   23.312500    5.1235632783212D-07  4.864D-08
   23.375000    5.0828637783056D-07  4.826D-08
   23.437500    5.0425926827559D-07  4.787D-08
   23.500000    5.0027443938734D-07  4.749D-08
   23.562500    4.9633134009566D-07  4.712D-08
   23.625000    4.9242942788344D-07  4.675D-08
   23.687500    4.8856816863297D-07  4.638D-08
   23.750000    4.8474703647562D-07  4.602D-08
   23.812500    4.8096551364431D-07  4.566D-08
   23.875000    4.7722309032925D-07  4.531D-08
   23.937500    4.7351926453633D-07  4.495D-08
   24.000000    4.6985354194859D-07  4.461D-08
   24.062500    4.6622543579025D-07  4.426D-08
   24.125000    4.6263446669370D-07  4.392D-08
   24.187500    4.5908016256892D-07  4.358D-08
   24.250000    4.5556205847567D-07  4.325D-08
   24.312500    4.5207969649816D-07  4.292D-08
   24.375000    4.4863262562221D-07  4.259D-08
   24.437500    4.4522040161485D-07  4.227D-08
   24.500000    4.4184258690625D-07  4.195D-08
   24.562500    4.3849875047414D-07  4.163D-08
   24.625000    4.3518846773027D-07  4.132D-08
   24.687500    4.3191132040927D-07  4.100D-08
   24.750000    4.2866689645967D-07  4.070D-08
   24.812500    4.2545478993692D-07  4.039D-08
   24.875000    4.2227460089868D-07  4.009D-08
   24.937500    4.1912593530201D-07  3.979D-08
   25.000000    4.1600840490261D-07  3.949D-08
   25.062500    4.1292162715601D-07  3.920D-08
   25.125000    4.0986522512065D-07  3.891D-08
   25.187500    4.0683882736281D-07  3.862D-08
   25.250000    4.0384206786349D-07  3.834D-08
   25.312500    4.0087458592686D-07  3.806D-08
   25.375000    3.9793602609069D-07  3.778D-08
   25.437500    3.9502603803832D-07  3.750D-08
   25.500000    3.9214427651239D-07  3.723D-08
   25.562500    3.8929040123022D-07  3.696D-08
   25.625000    3.8646407680074D-07  3.669D-08
   25.687500    3.8366497264305D-07  3.642D-08
   25.750000    3.8089276290646D-07  3.616D-08
   25.812500    3.7814712639210D-07  3.590D-08
   25.875000    3.7542774647594D-07  3.564D-08
   25.937500    3.7273431103331D-07  3.539D-08
   26.000000    3.7006651236480D-07  3.513D-08
   26.062500    3.6742404712355D-07  3.488D-08
   26.125000    3.6480661624390D-07  3.463D-08
   26.187500    3.6221392487138D-07  3.439D-08
   26.250000    3.5964568229399D-07  3.414D-08
   26.312500    3.5710160187469D-07  3.390D-08
   26.375000    3.5458140098526D-07  3.366D-08
   26.437500    3.5208480094129D-07  3.343D-08
   26.500000    3.4961152693839D-07  3.319D-08
   26.562500    3.4716130798955D-07  3.296D-08
   26.625000    3.4473387686371D-07  3.273D-08
   26.687500    3.4232897002539D-07  3.250D-08
   26.750000    3.3994632757542D-07  3.227D-08
   26.812500    3.3758569319279D-07  3.205D-08
   26.875000    3.3524681407756D-07  3.183D-08
   26.937500    3.3292944089473D-07  3.161D-08
   27.000000    3.3063332771920D-07  3.139D-08
   27.062500    3.2835823198170D-07  3.117D-08
   27.125000    3.2610391441570D-07  3.096D-08
   27.187500    3.2387013900525D-07  3.075D-08
   27.250000    3.2165667293375D-07  3.054D-08
   27.312500    3.1946328653370D-07  3.033D-08
   27.375000    3.1728975323726D-07  3.012D-08
   27.437500    3.1513584952778D-07  2.992D-08
   27.500000    3.1300135489209D-07  2.972D-08
   27.562500    3.1088605177376D-07  2.951D-08
   27.625000    3.0878972552702D-07  2.932D-08
   27.687500    3.0671216437169D-07  2.912D-08
   27.750000    3.0465315934876D-07  2.892D-08
   27.812500    3.0261250427680D-07  2.873D-08
   27.875000    3.0058999570912D-07  2.854D-08
   27.937500    2.9858543289172D-07  2.835D-08
   28.000000    2.9659861772192D-07  2.816D-08
   28.062500    2.9462935470778D-07  2.797D-08
   28.125000    2.9267745092812D-07  2.779D-08
   28.187500    2.9074271599337D-07  2.760D-08
   28.250000    2.8882496200697D-07  2.742D-08
   28.312500    2.8692400352753D-07  2.724D-08
   28.375000    2.8503965753158D-07  2.706D-08
   28.437500    2.8317174337705D-07  2.688D-08
   28.500000    2.8132008276723D-07  2.671D-08
   28.562500    2.7948449971550D-07  2.653D-08
   28.625000    2.7766482051056D-07  2.636D-08
   28.687500    2.7586087368233D-07  2.619D-08
   28.750000    2.7407248996839D-07  2.602D-08
   28.812500    2.7229950228094D-07  2.585D-08
   28.875000    2.7054174567447D-07  2.568D-08
   28.937500    2.6879905731379D-07  2.552D-08
   29.000000    2.6707127644276D-07  2.535D-08
   29.062500    2.6535824435346D-07  2.519D-08
   29.125000    2.6365980435587D-07  2.503D-08
   29.187500    2.6197580174818D-07  2.487D-08
   29.250000    2.6030608378740D-07  2.471D-08
   29.312500    2.5865049966064D-07  2.456D-08
   29.375000    2.5700890045680D-07  2.440D-08
   29.437500    2.5538113913869D-07  2.425D-08
   29.500000    2.5376707051567D-07  2.409D-08
   29.562500    2.5216655121678D-07  2.394D-08
   29.625000    2.5057943966422D-07  2.379D-08
   29.687500    2.4900559604730D-07  2.364D-08
   29.750000    2.4744488229689D-07  2.349D-08
   29.812500    2.4589716206015D-07  2.334D-08
   29.875000    2.4436230067586D-07  2.320D-08
   29.937500    2.4284016514999D-07  2.305D-08
   30.000000    2.4133062413178D-07  2.291D-08
   30.062500    2.3983354789010D-07  2.277D-08
   30.125000    2.3834880829031D-07  2.263D-08
   30.187500    2.3687627877147D-07  2.249D-08
   30.250000    2.3541583432386D-07  2.235D-08
   30.312500    2.3396735146688D-07  2.221D-08
   30.375000    2.3253070822741D-07  2.208D-08
   30.437500    2.3110578411835D-07  2.194D-08
   30.500000    2.2969246011768D-07  2.181D-08
   30.562500    2.2829061864772D-07  2.167D-08
   30.625000    2.2690014355476D-07  2.154D-08
   30.687500    2.2552092008913D-07  2.141D-08
   30.750000    2.2415283488534D-07  2.128D-08
   30.812500    2.2279577594284D-07  2.115D-08
   30.875000    2.2144963260683D-07  2.102D-08
   30.937500    2.2011429554954D-07  2.090D-08
   31.000000    2.1878965675171D-07  2.077D-08
   31.062500    2.1747560948441D-07  2.065D-08
   31.125000    2.1617204829117D-07  2.052D-08
   31.187500    2.1487886897029D-07  2.040D-08
   31.250000    2.1359596855759D-07  2.028D-08
   31.312500    2.1232324530924D-07  2.016D-08
   31.375000    2.1106059868506D-07  2.004D-08
   31.437500    2.0980792933189D-07  1.992D-08
   31.500000    2.0856513906738D-07  1.980D-08
   31.562500    2.0733213086392D-07  1.968D-08
   31.625000    2.0610880883287D-07  1.957D-08
   31.687500    2.0489507820907D-07  1.945D-08
   31.750000    2.0369084533547D-07  1.934D-08
   31.812500    2.0249601764817D-07  1.922D-08
   31.875000    2.0131050366152D-07  1.911D-08
   31.937500    2.0013421295356D-07  1.900D-08
   32.000000    1.9896705615167D-07  1.889D-08
   32.062500    1.9780894491838D-07  1.878D-08
   32.125000    1.9665979193751D-07  1.867D-08
   32.187500    1.9551951090034D-07  1.856D-08
   32.250000    1.9438801649225D-07  1.845D-08
   32.312500    1.9326522437925D-07  1.835D-08
   32.375000    1.9215105119503D-07  1.824D-08
   32.437500    1.9104541452802D-07  1.814D-08
   32.500000    1.8994823290860D-07  1.803D-08
   32.562500    1.8885942579670D-07  1.793D-08
   32.625000    1.8777891356943D-07  1.783D-08
   32.687500    1.8670661750893D-07  1.773D-08
   32.750000    1.8564245979047D-07  1.762D-08
   32.812500    1.8458636347059D-07  1.752D-08
   32.875000    1.8353825247560D-07  1.742D-08
   32.937500    1.8249805159006D-07  1.733D-08
   33.000000    1.8146568644562D-07  1.723D-08
   33.062500    1.8044108350985D-07  1.713D-08
   33.125000    1.7942417007539D-07  1.703D-08
   33.187500    1.7841487424915D-07  1.694D-08
   33.250000    1.7741312494171D-07  1.684D-08
   33.312500    1.7641885185693D-07  1.675D-08
   33.375000    1.7543198548158D-07  1.665D-08
   33.437500    1.7445245707529D-07  1.656D-08
   33.500000    1.7348019866050D-07  1.647D-08
   33.562500    1.7251514301265D-07  1.638D-08
   33.625000    1.7155722365050D-07  1.629D-08
   33.687500    1.7060637482654D-07  1.620D-08
   33.750000    1.6966253151760D-07  1.611D-08
   33.812500    1.6872562941561D-07  1.602D-08
   33.875000    1.6779560491836D-07  1.593D-08
   33.937500    1.6687239512060D-07  1.584D-08
   34.000000    1.6595593780509D-07  1.576D-08
   34.062500    1.6504617143394D-07  1.567D-08
   34.125000    1.6414303513986D-07  1.558D-08
   34.187500    1.6324646871777D-07  1.550D-08
   34.250000    1.6235641261640D-07  1.541D-08
   34.312500    1.6147280793002D-07  1.533D-08
   34.375000    1.6059559639030D-07  1.525D-08
   34.437500    1.5972472035832D-07  1.516D-08
   34.500000    1.5886012281666D-07  1.508D-08
   34.562500    1.5800174736157D-07  1.500D-08
   34.625000    1.5714953819538D-07  1.492D-08
   34.687500    1.5630344011883D-07  1.484D-08
   34.750000    1.5546339852366D-07  1.476D-08
   34.812500    1.5462935938525D-07  1.468D-08
   34.875000    1.5380126925538D-07  1.460D-08
   34.937500    1.5297907525503D-07  1.452D-08
   35.000000    1.5216272506741D-07  1.445D-08
   35.062500    1.5135216693094D-07  1.437D-08
   35.125000    1.5054734963245D-07  1.429D-08
   35.187500    1.4974822250038D-07  1.422D-08
   35.250000    1.4895473539815D-07  1.414D-08
   35.312500    1.4816683871759D-07  1.407D-08
   35.375000    1.4738448337247D-07  1.399D-08
   35.437500    1.4660762079209D-07  1.392D-08
   35.500000    1.4583620291501D-07  1.385D-08
   35.562500    1.4507018218282D-07  1.377D-08
   35.625000    1.4430951153407D-07  1.370D-08
   35.687500    1.4355414439815D-07  1.363D-08
   35.750000    1.4280403468939D-07  1.356D-08
   35.812500    1.4205913680119D-07  1.349D-08
   35.875000    1.4131940560022D-07  1.342D-08
   35.937500    1.4058479642070D-07  1.335D-08
   36.000000    1.3985526505877D-07  1.328D-08
   36.062500    1.3913076776694D-07  1.321D-08
   36.125000    1.3841126124864D-07  1.314D-08
   36.187500    1.3769670265276D-07  1.307D-08
   36.250000    1.3698704956833D-07  1.301D-08
   36.312500    1.3628226001932D-07  1.294D-08
   36.375000    1.3558229245942D-07  1.287D-08
   36.437500    1.3488710576686D-07  1.281D-08
   36.500000    1.3419665923946D-07  1.274D-08
   36.562500    1.3351091258963D-07  1.268D-08
   36.625000    1.3282982593941D-07  1.261D-08
   36.687500    1.3215335981568D-07  1.255D-08
   36.750000    1.3148147514534D-07  1.248D-08
   36.812500    1.3081413325063D-07  1.242D-08
   36.875000    1.3015129584448D-07  1.236D-08
   36.937500    1.2949292502585D-07  1.229D-08
   37.000000    1.2883898327530D-07  1.223D-08
   37.062500    1.2818943345049D-07  1.217D-08
   37.125000    1.2754423878169D-07  1.211D-08
   37.187500    1.2690336286759D-07  1.205D-08
   37.250000    1.2626676967088D-07  1.199D-08
   37.312500    1.2563442351403D-07  1.193D-08
   37.375000    1.2500628907518D-07  1.187D-08
   37.437500    1.2438233138394D-07  1.181D-08
   37.500000    1.2376251581740D-07  1.175D-08
   37.562500    1.2314680809602D-07  1.169D-08
   37.625000    1.2253517427975D-07  1.163D-08
   37.687500    1.2192758076409D-07  1.158D-08
   37.750000    1.2132399427622D-07  1.152D-08
   37.812500    1.2072438187121D-07  1.146D-08
   37.875000    1.2012871092823D-07  1.140D-08
   37.937500    1.1953694914691D-07  1.135D-08
   38.000000    1.1894906454359D-07  1.129D-08
   38.062500    1.1836502544777D-07  1.124D-08
   38.125000    1.1778480049855D-07  1.118D-08
   38.187500    1.1720835864102D-07  1.113D-08
   38.250000    1.1663566912292D-07  1.107D-08
   38.312500    1.1606670149109D-07  1.102D-08
   38.375000    1.1550142558816D-07  1.097D-08
   38.437500    1.1493981154919D-07  1.091D-08
   38.500000    1.1438182979834D-07  1.086D-08
   38.562500    1.1382745104568D-07  1.081D-08
   38.625000    1.1327664628387D-07  1.075D-08
   38.687500    1.1272938678511D-07  1.070D-08
   38.750000    1.1218564409795D-07  1.065D-08
   38.812500    1.1164539004415D-07  1.060D-08
   38.875000    1.1110859671571D-07  1.055D-08
   38.937500    1.1057523647181D-07  1.050D-08
   39.000000    1.1004528193585D-07  1.045D-08
   39.062500    1.0951870599249D-07  1.040D-08
   39.125000    1.0899548178479D-07  1.035D-08
   39.187500    1.0847558271128D-07  1.030D-08
   39.250000    1.0795898242322D-07  1.025D-08
   39.312500    1.0744565482172D-07  1.020D-08
   39.375000    1.0693557405504D-07  1.015D-08
   39.437500    1.0642871451585D-07  1.010D-08
   39.500000    1.0592505083855D-07  1.006D-08
   39.562500    1.0542455789659D-07  1.001D-08
   39.625000    1.0492721079985D-07  9.961D-09
   39.687500    1.0443298489212D-07  9.915D-09
   39.750000    1.0394185574843D-07  9.868D-09
   39.812500    1.0345379917263D-07  9.822D-09
   39.875000    1.0296879119484D-07  9.776D-09
   39.937500    1.0248680806899D-07  9.730D-09
   40.000000    1.0200782627040D-07  9.684D-09
   40.062500    1.0153182249339D-07  9.639D-09
   40.125000    1.0105877364889D-07  9.594D-09
   40.187500    1.0058865686210D-07  9.550D-09
   40.250000    1.0012144947016D-07  9.505D-09
   40.312500    9.9657129019918D-08  9.461D-09
   40.375000    9.9195673265618D-08  9.417D-09
   40.437500    9.8737060166700D-08  9.374D-09
   40.500000    9.8281267885582D-08  9.331D-09
   40.562500    9.7828274785485D-08  9.288D-09
   40.625000    9.7378059428304D-08  9.245D-09
   40.687500    9.6930600572478D-08  9.202D-09
   40.750000    9.6485877170862D-08  9.160D-09
   40.812500    9.6043868368696D-08  9.118D-09
   40.875000    9.5604553501556D-08  9.076D-09
   40.937500    9.5167912093313D-08  9.035D-09
   41.000000    9.4733923854131D-08  8.994D-09
   41.062500    9.4302568678521D-08  8.953D-09
   41.125000    9.3873826643389D-08  8.912D-09
   41.187500    9.3447678006064D-08  8.872D-09
   41.250000    9.3024103202489D-08  8.831D-09
   41.312500    9.2603082845238D-08  8.791D-09
   41.375000    9.2184597721730D-08  8.752D-09
   41.437500    9.1768628792354D-08  8.712D-09
   41.500000    9.1355157188706D-08  8.673D-09
   41.562500    9.0944164211714D-08  8.634D-09
   41.625000    9.0535631329985D-08  8.595D-09
   41.687500    9.0129540177937D-08  8.557D-09
   41.750000    8.9725872554139D-08  8.518D-09
   41.812500    8.9324610419631D-08  8.480D-09
   41.875000    8.8925735896131D-08  8.442D-09
   41.937500    8.8529231264481D-08  8.405D-09
   42.000000    8.8135078962941D-08  8.367D-09
   42.062500    8.7743261585580D-08  8.330D-09
   42.125000    8.7353761880632D-08  8.293D-09
   42.187500    8.6966562748964D-08  8.256D-09
   42.250000    8.6581647242473D-08  8.220D-09
   42.312500    8.6198998562518D-08  8.183D-09
   42.375000    8.5818600058419D-08  8.147D-09
   42.437500    8.5440435225918D-08  8.111D-09
   42.500000    8.5064487705692D-08  8.076D-09
   42.562500    8.4690741281867D-08  8.040D-09
   42.625000    8.4319179880557D-08  8.005D-09
   42.687500    8.3949787568395D-08  7.970D-09
   42.750000    8.3582548551149D-08  7.935D-09
   42.812500    8.3217447172268D-08  7.900D-09
   42.875000    8.2854467911499D-08  7.866D-09
   42.937500    8.2493595383511D-08  7.832D-09
   43.000000    8.2134814336509D-08  7.798D-09
   43.062500    8.1778109650924D-08  7.764D-09
   43.125000    8.1423466338037D-08  7.730D-09
   43.187500    8.1070869538673D-08  7.697D-09
   43.250000    8.0720304521932D-08  7.663D-09
   43.312500    8.0371756683858D-08  7.630D-09
   43.375000    8.0025211546157D-08  7.597D-09
   43.437500    7.9680654755000D-08  7.565D-09
   43.500000    7.9338072079706D-08  7.532D-09
   43.562500    7.8997449411574D-08  7.500D-09
   43.625000    7.8658772762597D-08  7.468D-09
   43.687500    7.8322028264353D-08  7.436D-09
   43.750000    7.7987202166714D-08  7.404D-09
   43.812500    7.7654280836755D-08  7.372D-09
   43.875000    7.7323250757530D-08  7.341D-09
   43.937500    7.6994098526959D-08  7.310D-09
   44.000000    7.6666810856677D-08  7.279D-09
   44.062500    7.6341374570933D-08  7.248D-09
   44.125000    7.6017776605446D-08  7.217D-09
   44.187500    7.5696004006333D-08  7.186D-09
   44.250000    7.5376043928989D-08  7.156D-09
   44.312500    7.5057883637082D-08  7.126D-09
   44.375000    7.4741510501415D-08  7.096D-09
   44.437500    7.4426911998904D-08  7.066D-09
   44.500000    7.4114075711564D-08  7.036D-09
   44.562500    7.3802989325460D-08  7.007D-09
   44.625000    7.3493640629681D-08  6.977D-09
   44.687500    7.3186017515364D-08  6.948D-09
   44.750000    7.2880107974703D-08  6.919D-09
   44.812500    7.2575900099904D-08  6.890D-09
   44.875000    7.2273382082321D-08  6.861D-09
   44.937500    7.1972542211390D-08  6.833D-09
   45.000000    7.1673368873764D-08  6.804D-09
   45.062500    7.1375850552318D-08  6.776D-09
   45.125000    7.1079975825241D-08  6.748D-09
   45.187500    7.0785733365119D-08  6.720D-09
   45.250000    7.0493111938050D-08  6.692D-09
   45.312500    7.0202100402662D-08  6.665D-09
   45.375000    6.9912687709353D-08  6.637D-09
   45.437500    6.9624862899289D-08  6.610D-09
   45.500000    6.9338615103633D-08  6.583D-09
   45.562500    6.9053933542584D-08  6.556D-09
   45.625000    6.8770807524649D-08  6.529D-09
   45.687500    6.8489226445679D-08  6.502D-09
   45.750000    6.8209179788155D-08  6.476D-09
   45.812500    6.7930657120233D-08  6.449D-09
   45.875000    6.7653648095078D-08  6.423D-09
   45.937500    6.7378142449925D-08  6.397D-09
   46.000000    6.7104130005385D-08  6.371D-09
   46.062500    6.6831600664566D-08  6.345D-09
   46.125000    6.6560544412382D-08  6.319D-09
   46.187500    6.6290951314719D-08  6.293D-09
   46.250000    6.6022811517722D-08  6.268D-09
   46.312500    6.5756115246958D-08  6.243D-09
   46.375000    6.5490852806803D-08  6.217D-09
   46.437500    6.5227014579544D-08  6.192D-09
   46.500000    6.4964591024795D-08  6.168D-09
   46.562500    6.4703572678671D-08  6.143D-09
   46.625000    6.4443950153136D-08  6.118D-09
   46.687500    6.4185714135249D-08  6.094D-09
   46.750000    6.3928855386491D-08  6.069D-09
   46.812500    6.3673364742083D-08  6.045D-09
   46.875000    6.3419233110285D-08  6.021D-09
   46.937500    6.3166451471694D-08  5.997D-09
   47.000000    6.2915010878626D-08  5.973D-09
   47.062500    6.2664902454424D-08  5.949D-09
   47.125000    6.2416117392770D-08  5.926D-09
   47.187500    6.2168646957125D-08  5.902D-09
   47.250000    6.1922482479969D-08  5.879D-09
   47.312500    6.1677615362276D-08  5.855D-09
   47.375000    6.1434037072812D-08  5.832D-09
   47.437500    6.1191739147506D-08  5.809D-09
   47.500000    6.0950713188929D-08  5.786D-09
   47.562500    6.0710950865564D-08  5.764D-09
   47.625000    6.0472443911260D-08  5.741D-09
   47.687500    6.0235184124666D-08  5.719D-09
   47.750000    5.9999163368573D-08  5.696D-09
   47.812500    5.9764373569388D-08  5.674D-09
   47.875000    5.9530806716479D-08  5.652D-09
   47.937500    5.9298454861722D-08  5.630D-09
   48.000000    5.9067310118824D-08  5.608D-09
   48.062500    5.8837364662790D-08  5.586D-09
   48.125000    5.8608610729419D-08  5.564D-09
   48.187500    5.8381040614683D-08  5.543D-09
   48.250000    5.8154646674253D-08  5.521D-09
   48.312500    5.7929421322892D-08  5.500D-09
   48.375000    5.7705357033959D-08  5.478D-09
   48.437500    5.7482446338905D-08  5.457D-09
   48.500000    5.7260681826697D-08  5.436D-09
   48.562500    5.7040056143340D-08  5.415D-09
   48.625000    5.6820561991366D-08  5.394D-09
   48.687500    5.6602192129300D-08  5.374D-09
   48.750000    5.6384939371187D-08  5.353D-09
   48.812500    5.6168796586080D-08  5.332D-09
   48.875000    5.5953756697578D-08  5.312D-09
   48.937500    5.5739812683277D-08  5.292D-09
   49.000000    5.5526957574386D-08  5.272D-09
   49.062500    5.5315184455147D-08  5.251D-09
   49.125000    5.5104486462442D-08  5.231D-09
   49.187500    5.4894856785297D-08  5.212D-09
   49.250000    5.4686288664405D-08  5.192D-09
   49.312500    5.4478775391716D-08  5.172D-09
   49.375000    5.4272310309918D-08  5.152D-09
   49.437500    5.4066886812069D-08  5.133D-09
   49.500000    5.3862498341075D-08  5.114D-09
   49.562500    5.3659138389311D-08  5.094D-09
   49.625000    5.3456800498148D-08  5.075D-09
   49.687500    5.3255478257558D-08  5.056D-09
   49.750000    5.3055165305670D-08  5.037D-09
   49.812500    5.2855855328314D-08  5.018D-09
   49.875000    5.2657542058693D-08  4.999D-09
   49.937500    5.2460219276856D-08  4.980D-09
   50.000000    5.2263880809401D-08  4.962D-09
   50.062500    5.2068520528977D-08  4.943D-09
   50.125000    5.1874132353962D-08  4.925D-09
   50.187500    5.1680710247982D-08  4.906D-09
   50.250000    5.1488248219622D-08  4.888D-09
   50.312500    5.1296740321922D-08  4.870D-09
   50.375000    5.1106180652101D-08  4.852D-09
   50.437500    5.0916563351074D-08  4.834D-09
   50.500000    5.0727882603164D-08  4.816D-09
   50.562500    5.0540132635661D-08  4.798D-09
   50.625000    5.0353307718517D-08  4.780D-09
   50.687500    5.0167402163888D-08  4.763D-09
   50.750000    4.9982410325877D-08  4.745D-09
   50.812500    4.9798326600082D-08  4.728D-09
   50.875000    4.9615145423308D-08  4.710D-09
   50.937500    4.9432861273175D-08  4.693D-09
   51.000000    4.9251468667790D-08  4.676D-09
   51.062500    4.9070962165386D-08  4.659D-09
   51.125000    4.8891336363986D-08  4.642D-09
   51.187500    4.8712585901068D-08  4.625D-09
   51.250000    4.8534705453213D-08  4.608D-09
   51.312500    4.8357689735820D-08  4.591D-09
   51.375000    4.8181533502706D-08  4.574D-09
   51.437500    4.8006231545831D-08  4.558D-09
   51.500000    4.7831778694974D-08  4.541D-09
   51.562500    4.7658169817383D-08  4.525D-09
   51.625000    4.7485399817488D-08  4.508D-09
   51.687500    4.7313463636549D-08  4.492D-09
   51.750000    4.7142356252420D-08  4.476D-09
   51.812500    4.6972072679160D-08  4.459D-09
   51.875000    4.6802607966747D-08  4.443D-09
   51.937500    4.6633957200849D-08  4.427D-09
   52.000000    4.6466115502403D-08  4.411D-09
   52.062500    4.6299078027421D-08  4.395D-09
   52.125000    4.6132839966655D-08  4.380D-09
   52.187500    4.5967396545310D-08  4.364D-09
   52.250000    4.5802743022750D-08  4.348D-09
   52.312500    4.5638874692227D-08  4.333D-09
   52.375000    4.5475786880602D-08  4.317D-09
   52.437500    4.5313474948043D-08  4.302D-09
   52.500000    4.5151934287763D-08  4.287D-09
   52.562500    4.4991160325764D-08  4.271D-09
   52.625000    4.4831148520530D-08  4.256D-09
   52.687500    4.4671894362755D-08  4.241D-09
   52.750000    4.4513393375144D-08  4.226D-09
   52.812500    4.4355641112075D-08  4.211D-09
   52.875000    4.4198633159344D-08  4.196D-09
   52.937500    4.4042365133965D-08  4.181D-09
   53.000000    4.3886832683851D-08  4.166D-09
   53.062500    4.3732031487579D-08  4.152D-09
   53.125000    4.3577957254172D-08  4.137D-09
   53.187500    4.3424605722796D-08  4.123D-09
   53.250000    4.3271972662521D-08  4.108D-09
   53.312500    4.3120053872143D-08  4.094D-09
   53.375000    4.2968845179840D-08  4.079D-09
   53.437500    4.2818342443014D-08  4.065D-09
   53.500000    4.2668541548015D-08  4.051D-09
   53.562500    4.2519438409898D-08  4.037D-09
   53.625000    4.2371028972236D-08  4.023D-09
   53.687500    4.2223309206822D-08  4.009D-09
   53.750000    4.2076275113500D-08  3.995D-09
   53.812500    4.1929922719878D-08  3.981D-09
   53.875000    4.1784248081179D-08  3.967D-09
   53.937500    4.1639247279957D-08  3.953D-09
   54.000000    4.1494916425878D-08  3.939D-09
   54.062500    4.1351251655565D-08  3.926D-09
   54.125000    4.1208249132272D-08  3.912D-09
   54.187500    4.1065905045786D-08  3.899D-09
   54.250000    4.0924215612142D-08  3.885D-09
   54.312500    4.0783177073403D-08  3.872D-09
   54.375000    4.0642785697533D-08  3.858D-09
   54.437500    4.0503037778074D-08  3.845D-09
   54.500000    4.0363929634049D-08  3.832D-09
   54.562500    4.0225457609702D-08  3.819D-09
   54.625000    4.0087618074272D-08  3.806D-09
   54.687500    3.9950407421872D-08  3.793D-09
   54.750000    3.9813822071237D-08  3.780D-09
   54.812500    3.9677858465505D-08  3.767D-09
   54.875000    3.9542513072100D-08  3.754D-09
   54.937500    3.9407782382466D-08  3.741D-09
   55.000000    3.9273662911908D-08  3.729D-09
   55.062500    3.9140151199417D-08  3.716D-09
   55.125000    3.9007243807458D-08  3.703D-09
   55.187500    3.8874937321784D-08  3.691D-09
   55.250000    3.8743228351253D-08  3.678D-09
   55.312500    3.8612113527694D-08  3.666D-09
   55.375000    3.8481589505644D-08  3.653D-09
   55.437500    3.8351652962228D-08  3.641D-09
   55.500000    3.8222300596952D-08  3.629D-09
   55.562500    3.8093529131562D-08  3.616D-09
   55.625000    3.7965335309837D-08  3.604D-09
   55.687500    3.7837715897408D-08  3.592D-09
   55.750000    3.7710667681640D-08  3.580D-09
   55.812500    3.7584187471400D-08  3.568D-09
   55.875000    3.7458272096928D-08  3.556D-09
   55.937500    3.7332918409654D-08  3.544D-09
   56.000000    3.7208123282054D-08  3.532D-09
   56.062500    3.7083883607447D-08  3.521D-09
   56.125000    3.6960196299872D-08  3.509D-09
   56.187500    3.6837058293922D-08  3.497D-09
   56.250000    3.6714466544536D-08  3.486D-09
   56.312500    3.6592418026919D-08  3.474D-09
   56.375000    3.6470909736321D-08  3.462D-09
   56.437500    3.6349938687933D-08  3.451D-09
   56.500000    3.6229501916678D-08  3.440D-09
   56.562500    3.6109596477095D-08  3.428D-09
   56.625000    3.5990219443212D-08  3.417D-09
   56.687500    3.5871367908314D-08  3.406D-09
   56.750000    3.5753038984875D-08  3.394D-09
   56.812500    3.5635229804382D-08  3.383D-09
   56.875000    3.5517937517177D-08  3.372D-09
   56.937500    3.5401159292337D-08  3.361D-09
   57.000000    3.5284892317503D-08  3.350D-09
   57.062500    3.5169133798776D-08  3.339D-09
   57.125000    3.5053880960520D-08  3.328D-09
   57.187500    3.4939131045282D-08  3.317D-09
   57.250000    3.4824881313620D-08  3.306D-09
   57.312500    3.4711129043958D-08  3.295D-09
   57.375000    3.4597871532481D-08  3.285D-09
   57.437500    3.4485106092989D-08  3.274D-09
   57.500000    3.4372830056751D-08  3.263D-09
   57.562500    3.4261040772363D-08  3.253D-09
   57.625000    3.4149735605661D-08  3.242D-09
   57.687500    3.4038911939541D-08  3.232D-09
   57.750000    3.3928567173879D-08  3.221D-09
   57.812500    3.3818698725343D-08  3.211D-09
   57.875000    3.3709304027326D-08  3.200D-09
   57.937500    3.3600380529788D-08  3.190D-09
   58.000000    3.3491925699124D-08  3.180D-09
   58.062500    3.3383937018078D-08  3.169D-09
   58.125000    3.3276411985563D-08  3.159D-09
   58.187500    3.3169348116604D-08  3.149D-09
   58.250000    3.3062742942175D-08  3.139D-09
   58.312500    3.2956594009074D-08  3.129D-09
   58.375000    3.2850898879855D-08  3.119D-09
   58.437500    3.2745655132654D-08  3.109D-09
   58.500000    3.2640860361090D-08  3.099D-09
   58.562500    3.2536512174168D-08  3.089D-09
   58.625000    3.2432608196157D-08  3.079D-09
   58.687500    3.2329146066462D-08  3.069D-09
   58.750000    3.2226123439514D-08  3.059D-09
   58.812500    3.2123537984671D-08  3.050D-09
   58.875000    3.2021387386111D-08  3.040D-09
   58.937500    3.1919669342713D-08  3.030D-09
   59.000000    3.1818381567924D-08  3.021D-09
   59.062500    3.1717521789697D-08  3.011D-09
   59.125000    3.1617087750373D-08  3.002D-09
   59.187500    3.1517077206521D-08  2.992D-09
   59.250000    3.1417487928943D-08  2.983D-09
   59.312500    3.1318317702428D-08  2.973D-09
   59.375000    3.1219564325790D-08  2.964D-09
   59.437500    3.1121225611655D-08  2.955D-09
   59.500000    3.1023299386429D-08  2.945D-09
   59.562500    3.0925783490160D-08  2.936D-09
   59.625000    3.0828675776440D-08  2.927D-09
   59.687500    3.0731974112344D-08  2.918D-09
   59.750000    3.0635676378295D-08  2.908D-09
   59.812500    3.0539780467950D-08  2.899D-09
   59.875000    3.0444284288157D-08  2.890D-09
   59.937500    3.0349185758817D-08  2.881D-09
   60.000000    3.0254482812816D-08  2.872D-09
   60.062500    3.0160173395912D-08  2.863D-09
   60.125000    3.0066255466634D-08  2.854D-09
   60.187500    2.9972726996212D-08  2.846D-09
   60.250000    2.9879585968477D-08  2.837D-09
   60.312500    2.9786830379771D-08  2.828D-09
   60.375000    2.9694458238857D-08  2.819D-09
   60.437500    2.9602467566800D-08  2.810D-09
   60.500000    2.9510856396945D-08  2.802D-09
   60.562500    2.9419622774757D-08  2.793D-09
   60.625000    2.9328764757775D-08  2.784D-09
   60.687500    2.9238280415504D-08  2.776D-09
   60.750000    2.9148167829377D-08  2.767D-09
   60.812500    2.9058425092575D-08  2.759D-09
   60.875000    2.8969050310053D-08  2.750D-09
   60.937500    2.8880041598379D-08  2.742D-09
   61.000000    2.8791397085666D-08  2.733D-09
   61.062500    2.8703114911510D-08  2.725D-09
   61.125000    2.8615193226904D-08  2.717D-09
   61.187500    2.8527630194135D-08  2.708D-09
   61.250000    2.8440423986715D-08  2.700D-09
   61.312500    2.8353572789319D-08  2.692D-09
   61.375000    2.8267074797678D-08  2.684D-09
   61.437500    2.8180928218528D-08  2.675D-09
   61.500000    2.8095131269497D-08  2.667D-09
   61.562500    2.8009682179043D-08  2.659D-09
   61.625000    2.7924579186410D-08  2.651D-09
   61.687500    2.7839820541506D-08  2.643D-09
   61.750000    2.7755404504828D-08  2.635D-09
   61.812500    2.7671329347455D-08  2.627D-09
   61.875000    2.7587593350863D-08  2.619D-09
   61.937500    2.7504194806938D-08  2.611D-09
   62.000000    2.7421132017894D-08  2.603D-09
   62.062500    2.7338403296160D-08  2.595D-09
   62.125000    2.7256006964324D-08  2.588D-09
   62.187500    2.7173941355084D-08  2.580D-09
   62.250000    2.7092204811162D-08  2.572D-09
   62.312500    2.7010795685219D-08  2.564D-09
   62.375000    2.6929712339810D-08  2.557D-09
   62.437500    2.6848953147310D-08  2.549D-09
   62.500000    2.6768516489817D-08  2.541D-09
   62.562500    2.6688400759140D-08  2.534D-09
   62.625000    2.6608604356679D-08  2.526D-09
   62.687500    2.6529125693366D-08  2.519D-09
   62.750000    2.6449963189638D-08  2.511D-09
   62.812500    2.6371115275319D-08  2.504D-09
   62.875000    2.6292580389593D-08  2.496D-09
   62.937500    2.6214356980925D-08  2.489D-09
   63.000000    2.6136443506994D-08  2.481D-09
   63.062500    2.6058838434614D-08  2.474D-09
   63.125000    2.5981540239717D-08  2.467D-09
   63.187500    2.5904547407263D-08  2.459D-09
   63.250000    2.5827858431150D-08  2.452D-09
   63.312500    2.5751471814192D-08  2.445D-09
   63.375000    2.5675386068047D-08  2.438D-09
   63.437500    2.5599599713168D-08  2.430D-09
   63.500000    2.5524111278683D-08  2.423D-09
   63.562500    2.5448919302442D-08  2.416D-09
   63.625000    2.5374022330840D-08  2.409D-09
   63.687500    2.5299418918859D-08  2.402D-09
   63.750000    2.5225107629929D-08  2.395D-09
   63.812500    2.5151087035925D-08  2.388D-09
   63.875000    2.5077355717084D-08  2.381D-09
   63.937500    2.5003912261955D-08  2.374D-09
   64.000000    2.4930755267352D-08  2.367D-09
   64.062500    2.4857883338271D-08  2.360D-09
   64.125000    2.4785295087851D-08  2.353D-09
   64.187500    2.4712989137316D-08  2.346D-09
   64.250000    2.4640964115937D-08  2.339D-09
   64.312500    2.4569218660949D-08  2.333D-09
   64.375000    2.4497751417515D-08  2.326D-09
   64.437500    2.4426561038675D-08  2.319D-09
   64.500000    2.4355646185279D-08  2.312D-09
   64.562500    2.4285005525921D-08  2.306D-09
   64.625000    2.4214637736943D-08  2.299D-09
   64.687500    2.4144541502312D-08  2.292D-09
   64.750000    2.4074715513620D-08  2.286D-09
   64.812500    2.4005158470028D-08  2.279D-09
   64.875000    2.3935869078162D-08  2.272D-09
   64.937500    2.3866846052145D-08  2.266D-09
   65.000000    2.3798088113471D-08  2.259D-09
   65.062500    2.3729593991019D-08  2.253D-09
   65.125000    2.3661362420956D-08  2.246D-09
   65.187500    2.3593392146702D-08  2.240D-09
   65.250000    2.3525681918892D-08  2.233D-09
   65.312500    2.3458230495330D-08  2.227D-09
   65.375000    2.3391036640915D-08  2.221D-09
   65.437500    2.3324099127616D-08  2.214D-09
   65.500000    2.3257416734439D-08  2.208D-09
   65.562500    2.3190988247329D-08  2.202D-09
   65.625000    2.3124812459179D-08  2.195D-09
   65.687500    2.3058888169751D-08  2.189D-09
   65.750000    2.2993214185636D-08  2.183D-09
   65.812500    2.2927789320219D-08  2.177D-09
   65.875000    2.2862612393644D-08  2.171D-09
   65.937500    2.2797682232701D-08  2.164D-09
   66.000000    2.2732997670907D-08  2.158D-09
   66.062500    2.2668557548327D-08  2.152D-09
   66.125000    2.2604360711617D-08  2.146D-09
   66.187500    2.2540406013949D-08  2.140D-09
   66.250000    2.2476692315001D-08  2.134D-09
   66.312500    2.2413218480833D-08  2.128D-09
   66.375000    2.2349983383963D-08  2.122D-09
   66.437500    2.2286985903220D-08  2.116D-09
   66.500000    2.2224224923745D-08  2.110D-09
   66.562500    2.2161699336976D-08  2.104D-09
   66.625000    2.2099408040547D-08  2.098D-09
   66.687500    2.2037349938303D-08  2.092D-09
   66.750000    2.1975523940234D-08  2.086D-09
   66.812500    2.1913928962423D-08  2.080D-09
   66.875000    2.1852563927036D-08  2.075D-09
   66.937500    2.1791427762239D-08  2.069D-09
   67.000000    2.1730519402229D-08  2.063D-09
   67.062500    2.1669837787131D-08  2.057D-09
   67.125000    2.1609381862959D-08  2.052D-09
   67.187500    2.1549150581629D-08  2.046D-09
   67.250000    2.1489142900897D-08  2.040D-09
   67.312500    2.1429357784277D-08  2.034D-09
   67.375000    2.1369794201077D-08  2.029D-09
   67.437500    2.1310451126299D-08  2.023D-09
   67.500000    2.1251327540668D-08  2.018D-09
   67.562500    2.1192422430532D-08  2.012D-09
   67.625000    2.1133734787827D-08  2.006D-09
   67.687500    2.1075263610102D-08  2.001D-09
   67.750000    2.1017007900434D-08  1.995D-09
   67.812500    2.0958966667401D-08  1.990D-09
   67.875000    2.0901138925053D-08  1.984D-09
   67.937500    2.0843523692854D-08  1.979D-09
   68.000000    2.0786119995692D-08  1.973D-09
   68.062500    2.0728926863797D-08  1.968D-09
   68.125000    2.0671943332751D-08  1.963D-09
   68.187500    2.0615168443407D-08  1.957D-09
   68.250000    2.0558601241892D-08  1.952D-09
   68.312500    2.0502240779574D-08  1.946D-09
   68.375000    2.0446086112973D-08  1.941D-09
   68.437500    2.0390136303811D-08  1.936D-09
   68.500000    2.0334390418917D-08  1.930D-09
   68.562500    2.0278847530225D-08  1.925D-09
   68.625000    2.0223506714724D-08  1.920D-09
   68.687500    2.0168367054440D-08  1.915D-09
   68.750000    2.0113427636394D-08  1.910D-09
   68.812500    2.0058687552580D-08  1.904D-09
   68.875000    2.0004145899917D-08  1.899D-09
   68.937500    1.9949801780236D-08  1.894D-09
   69.000000    1.9895654300233D-08  1.889D-09
   69.062500    1.9841702571456D-08  1.884D-09
   69.125000    1.9787945710270D-08  1.879D-09
   69.187500    1.9734382837806D-08  1.874D-09
   69.250000    1.9681013079953D-08  1.868D-09
   69.312500    1.9627835567317D-08  1.863D-09
   69.375000    1.9574849435202D-08  1.858D-09
   69.437500    1.9522053823582D-08  1.853D-09
   69.500000    1.9469447877030D-08  1.848D-09
   69.562500    1.9417030744767D-08  1.843D-09
   69.625000    1.9364801580576D-08  1.838D-09
   69.687500    1.9312759542754D-08  1.833D-09
   69.750000    1.9260903794151D-08  1.829D-09
   69.812500    1.9209233502092D-08  1.824D-09
   69.875000    1.9157747838384D-08  1.819D-09
   69.937500    1.9106445979225D-08  1.814D-09
   70.000000    1.9055327105256D-08  1.809D-09
   70.062500    1.9004390401501D-08  1.804D-09
   70.125000    1.8953635057292D-08  1.799D-09
   70.187500    1.8903060266331D-08  1.795D-09
   70.250000    1.8852665226594D-08  1.790D-09
   70.312500    1.8802449140318D-08  1.785D-09
   70.375000    1.8752411214025D-08  1.780D-09
   70.437500    1.8702550658400D-08  1.776D-09
   70.500000    1.8652866688370D-08  1.771D-09
   70.562500    1.8603358522997D-08  1.766D-09
   70.625000    1.8554025385486D-08  1.761D-09
   70.687500    1.8504866503159D-08  1.757D-09
   70.750000    1.8455881107430D-08  1.752D-09
   70.812500    1.8407068433793D-08  1.748D-09
   70.875000    1.8358427721749D-08  1.743D-09
   70.937500    1.8309958214820D-08  1.738D-09
   71.000000    1.8261659160535D-08  1.734D-09
   71.062500    1.8213529810384D-08  1.729D-09
   71.125000    1.8165569419766D-08  1.725D-09
   71.187500    1.8117777248043D-08  1.720D-09
   71.250000    1.8070152558437D-08  1.716D-09
   71.312500    1.8022694618059D-08  1.711D-09
   71.375000    1.7975402697833D-08  1.707D-09
   71.437500    1.7928276072536D-08  1.702D-09
   71.500000    1.7881314020722D-08  1.698D-09
   71.562500    1.7834515824737D-08  1.693D-09
   71.625000    1.7787880770681D-08  1.689D-09
   71.687500    1.7741408148348D-08  1.684D-09
   71.750000    1.7695097251275D-08  1.680D-09
   71.812500    1.7648947376667D-08  1.676D-09
   71.875000    1.7602957825402D-08  1.671D-09
   71.937500    1.7557127901966D-08  1.667D-09
   72.000000    1.7511456914491D-08  1.662D-09
   72.062500    1.7465944174706D-08  1.658D-09
   72.125000    1.7420588997880D-08  1.654D-09
   72.187500    1.7375390702889D-08  1.650D-09
   72.250000    1.7330348612074D-08  1.645D-09
   72.312500    1.7285462051339D-08  1.641D-09
   72.375000    1.7240730350039D-08  1.637D-09
   72.437500    1.7196152841021D-08  1.633D-09
   72.500000    1.7151728860557D-08  1.628D-09
   72.562500    1.7107457748363D-08  1.624D-09
   72.625000    1.7063338847545D-08  1.620D-09
   72.687500    1.7019371504591D-08  1.616D-09
   72.750000    1.6975555069357D-08  1.612D-09
   72.812500    1.6931888895055D-08  1.607D-09
   72.875000    1.6888372338206D-08  1.603D-09
   72.937500    1.6845004758638D-08  1.599D-09
   73.000000    1.6801785519450D-08  1.595D-09
   73.062500    1.6758713987041D-08  1.591D-09
   73.125000    1.6715789531004D-08  1.587D-09
   73.187500    1.6673011524208D-08  1.583D-09
   73.250000    1.6630379342683D-08  1.579D-09
   73.312500    1.6587892365684D-08  1.575D-09
   73.375000    1.6545549975604D-08  1.571D-09
   73.437500    1.6503351558000D-08  1.567D-09
   73.500000    1.6461296501556D-08  1.563D-09
   73.562500    1.6419384198083D-08  1.559D-09
   73.625000    1.6377614042446D-08  1.555D-09
   73.687500    1.6335985432626D-08  1.551D-09
   73.750000    1.6294497769634D-08  1.547D-09
   73.812500    1.6253150457535D-08  1.543D-09
   73.875000    1.6211942903413D-08  1.539D-09
   73.937500    1.6170874517348D-08  1.535D-09
   74.000000    1.6129944712411D-08  1.531D-09
   74.062500    1.6089152904622D-08  1.527D-09
   74.125000    1.6048498512982D-08  1.524D-09
   74.187500    1.6007980959401D-08  1.520D-09
   74.250000    1.5967599668724D-08  1.516D-09
   74.312500    1.5927354068671D-08  1.512D-09
   74.375000    1.5887243589857D-08  1.508D-09
   74.437500    1.5847267665760D-08  1.504D-09
   74.500000    1.5807425732707D-08  1.501D-09
   74.562500    1.5767717229851D-08  1.497D-09
   74.625000    1.5728141599171D-08  1.493D-09
   74.687500    1.5688698285409D-08  1.489D-09
   74.750000    1.5649386736147D-08  1.486D-09
   74.812500    1.5610206401668D-08  1.482D-09
   74.875000    1.5571156735061D-08  1.478D-09
   74.937500    1.5532237192103D-08  1.475D-09
   75.000000    1.5493447231315D-08  1.471D-09
   75.062500    1.5454786313910D-08  1.467D-09
   75.125000    1.5416253903793D-08  1.464D-09
   75.187500    1.5377849467525D-08  1.460D-09
   75.250000    1.5339572474348D-08  1.456D-09
   75.312500    1.5301422396102D-08  1.453D-09
   75.375000    1.5263398707293D-08  1.449D-09
   75.437500    1.5225500885011D-08  1.445D-09
   75.500000    1.5187728408943D-08  1.442D-09
   75.562500    1.5150080761361D-08  1.438D-09
   75.625000    1.5112557427094D-08  1.435D-09
   75.687500    1.5075157893534D-08  1.431D-09
   75.750000    1.5037881650571D-08  1.428D-09
   75.812500    1.5000728190666D-08  1.424D-09
   75.875000    1.4963697008746D-08  1.421D-09
   75.937500    1.4926787602234D-08  1.417D-09
   76.000000    1.4889999471056D-08  1.414D-09
   76.062500    1.4853332117562D-08  1.410D-09
   76.125000    1.4816785046581D-08  1.407D-09
   76.187500    1.4780357765352D-08  1.403D-09
   76.250000    1.4744049783559D-08  1.400D-09
   76.312500    1.4707860613272D-08  1.396D-09
   76.375000    1.4671789768955D-08  1.393D-09
   76.437500    1.4635836767462D-08  1.389D-09
   76.500000    1.4600001128000D-08  1.386D-09
   76.562500    1.4564282372145D-08  1.383D-09
   76.625000    1.4528680023792D-08  1.379D-09
   76.687500    1.4493193609163D-08  1.376D-09
   76.750000    1.4457822656803D-08  1.373D-09
   76.812500    1.4422566697547D-08  1.369D-09
   76.875000    1.4387425264529D-08  1.366D-09
   76.937500    1.4352397893124D-08  1.363D-09
   77.000000    1.4317484121005D-08  1.359D-09
   77.062500    1.4282683488078D-08  1.356D-09
   77.125000    1.4247995536458D-08  1.353D-09
   77.187500    1.4213419810520D-08  1.349D-09
   77.250000    1.4178955856822D-08  1.346D-09
   77.312500    1.4144603224123D-08  1.343D-09
   77.375000    1.4110361463389D-08  1.340D-09
   77.437500    1.4076230127713D-08  1.336D-09
   77.500000    1.4042208772397D-08  1.333D-09
   77.562500    1.4008296954846D-08  1.330D-09
   77.625000    1.3974494234635D-08  1.327D-09
   77.687500    1.3940800173433D-08  1.323D-09
   77.750000    1.3907214335054D-08  1.320D-09
   77.812500    1.3873736285367D-08  1.317D-09
   77.875000    1.3840365592380D-08  1.314D-09
   77.937500    1.3807101826126D-08  1.311D-09
   78.000000    1.3773944558742D-08  1.308D-09
   78.062500    1.3740893364406D-08  1.305D-09
   78.125000    1.3707947819324D-08  1.301D-09
   78.187500    1.3675107501729D-08  1.298D-09
   78.250000    1.3642371991923D-08  1.295D-09
   78.312500    1.3609740872137D-08  1.292D-09
   78.375000    1.3577213726667D-08  1.289D-09
   78.437500    1.3544790141745D-08  1.286D-09
   78.500000    1.3512469705614D-08  1.283D-09
   78.562500    1.3480252008455D-08  1.280D-09
   78.625000    1.3448136642412D-08  1.277D-09
   78.687500    1.3416123201554D-08  1.274D-09
   78.750000    1.3384211281915D-08  1.271D-09
   78.812500    1.3352400481415D-08  1.268D-09
   78.875000    1.3320690399894D-08  1.265D-09
   78.937500    1.3289080639097D-08  1.262D-09
   79.000000    1.3257570802658D-08  1.259D-09
   79.062500    1.3226160496067D-08  1.256D-09
   79.125000    1.3194849326712D-08  1.253D-09
   79.187500    1.3163636903803D-08  1.250D-09
   79.250000    1.3132522838435D-08  1.247D-09
   79.312500    1.3101506743527D-08  1.244D-09
   79.375000    1.3070588233796D-08  1.241D-09
   79.437500    1.3039766925808D-08  1.238D-09
   79.500000    1.3009042437929D-08  1.235D-09
   79.562500    1.2978414390309D-08  1.232D-09
   79.625000    1.2947882404902D-08  1.229D-09
   79.687500    1.2917446105422D-08  1.226D-09
   79.750000    1.2887105117372D-08  1.223D-09
   79.812500    1.2856859067981D-08  1.221D-09
   79.875000    1.2826707586242D-08  1.218D-09
   79.937500    1.2796650302898D-08  1.215D-09
   80.000000    1.2766686850421D-08  1.212D-09
   80.062500    1.2736816862961D-08  1.209D-09
   80.125000    1.2707039976429D-08  1.206D-09
   80.187500    1.2677355828418D-08  1.204D-09
   80.250000    1.2647764058198D-08  1.201D-09
   80.312500    1.2618264306742D-08  1.198D-09
   80.375000    1.2588856216690D-08  1.195D-09
   80.437500    1.2559539432336D-08  1.192D-09
   80.500000    1.2530313599629D-08  1.190D-09
   80.562500    1.2501178366185D-08  1.187D-09
   80.625000    1.2472133381250D-08  1.184D-09
   80.687500    1.2443178295665D-08  1.181D-09
   80.750000    1.2414312761935D-08  1.179D-09
   80.812500    1.2385536434163D-08  1.176D-09
   80.875000    1.2356848968032D-08  1.173D-09
   80.937500    1.2328250020843D-08  1.170D-09
   81.000000    1.2299739251469D-08  1.168D-09
   81.062500    1.2271316320362D-08  1.165D-09
   81.125000    1.2242980889548D-08  1.162D-09
   81.187500    1.2214732622608D-08  1.160D-09
   81.250000    1.2186571184670D-08  1.157D-09
   81.312500    1.2158496242395D-08  1.154D-09
   81.375000    1.2130507464017D-08  1.152D-09
   81.437500    1.2102604519240D-08  1.149D-09
   81.500000    1.2074787079339D-08  1.146D-09
   81.562500    1.2047054817051D-08  1.144D-09
   81.625000    1.2019407406660D-08  1.141D-09
   81.687500    1.1991844523910D-08  1.138D-09
   81.750000    1.1964365846041D-08  1.136D-09
   81.812500    1.1936971051783D-08  1.133D-09
   81.875000    1.1909659821311D-08  1.131D-09
   81.937500    1.1882431836276D-08  1.128D-09
   82.000000    1.1855286779789D-08  1.126D-09
   82.062500    1.1828224336412D-08  1.123D-09
   82.125000    1.1801244192107D-08  1.120D-09
   82.187500    1.1774346034309D-08  1.118D-09
   82.250000    1.1747529551867D-08  1.115D-09
   82.312500    1.1720794435031D-08  1.113D-09
   82.375000    1.1694140375475D-08  1.110D-09
   82.437500    1.1667567066264D-08  1.108D-09
   82.500000    1.1641074201863D-08  1.105D-09
   82.562500    1.1614661478126D-08  1.103D-09
   82.625000    1.1588328592272D-08  1.100D-09
   82.687500    1.1562075242895D-08  1.098D-09
   82.750000    1.1535901129958D-08  1.095D-09
   82.812500    1.1509805954797D-08  1.093D-09
   82.875000    1.1483789420066D-08  1.090D-09
   82.937500    1.1457851229797D-08  1.088D-09
   83.000000    1.1431991089313D-08  1.085D-09
   83.062500    1.1406208705301D-08  1.083D-09
   83.125000    1.1380503785768D-08  1.080D-09
   83.187500    1.1354876040008D-08  1.078D-09
   83.250000    1.1329325178674D-08  1.076D-09
   83.312500    1.1303850913658D-08  1.073D-09
   83.375000    1.1278452958183D-08  1.071D-09
   83.437500    1.1253131026752D-08  1.068D-09
   83.500000    1.1227884835160D-08  1.066D-09
   83.562500    1.1202714100471D-08  1.064D-09
   83.625000    1.1177618540980D-08  1.061D-09
   83.687500    1.1152597876300D-08  1.059D-09
   83.750000    1.1127651827263D-08  1.056D-09
   83.812500    1.1102780115968D-08  1.054D-09
   83.875000    1.1077982465724D-08  1.052D-09
   83.937500    1.1053258601095D-08  1.049D-09
   84.000000    1.1028608247891D-08  1.047D-09
   84.062500    1.1004031133114D-08  1.045D-09
   84.125000    1.0979526985001D-08  1.042D-09
   84.187500    1.0955095532985D-08  1.040D-09
   84.250000    1.0930736507704D-08  1.038D-09
   84.312500    1.0906449640996D-08  1.035D-09
   84.375000    1.0882234665891D-08  1.033D-09
   84.437500    1.0858091316605D-08  1.031D-09
   84.500000    1.0834019328524D-08  1.029D-09
   84.562500    1.0810018438219D-08  1.026D-09
   84.625000    1.0786088383409D-08  1.024D-09
   84.687500    1.0762228902983D-08  1.022D-09
   84.750000    1.0738439736991D-08  1.019D-09
   84.812500    1.0714720626616D-08  1.017D-09
   84.875000    1.0691071314192D-08  1.015D-09
   84.937500    1.0667491543199D-08  1.013D-09
   85.000000    1.0643981058226D-08  1.011D-09
   85.062500    1.0620539605002D-08  1.008D-09
   85.125000    1.0597166930375D-08  1.006D-09
   85.187500    1.0573862782283D-08  1.004D-09
   85.250000    1.0550626909810D-08  1.002D-09
   85.312500    1.0527459063116D-08  9.994D-10
   85.375000    1.0504358993458D-08  9.973D-10
   85.437500    1.0481326453185D-08  9.951D-10
   85.500000    1.0458361195751D-08  9.929D-10
   85.562500    1.0435462975654D-08  9.907D-10
   85.625000    1.0412631548488D-08  9.885D-10
   85.687500    1.0389866670924D-08  9.864D-10
   85.750000    1.0367168100670D-08  9.842D-10
   85.812500    1.0344535596523D-08  9.821D-10
   85.875000    1.0321968918294D-08  9.799D-10
   85.937500    1.0299467826869D-08  9.778D-10
   86.000000    1.0277032084183D-08  9.757D-10
   86.062500    1.0254661453166D-08  9.735D-10
   86.125000    1.0232355697818D-08  9.714D-10
   86.187500    1.0210114583158D-08  9.693D-10
   86.250000    1.0187937875216D-08  9.672D-10
   86.312500    1.0165825341028D-08  9.651D-10
   86.375000    1.0143776748678D-08  9.630D-10
   86.437500    1.0121791867205D-08  9.609D-10
   86.500000    1.0099870466677D-08  9.588D-10
   86.562500    1.0078012318174D-08  9.568D-10
   86.625000    1.0056217193719D-08  9.547D-10
   86.687500    1.0034484866375D-08  9.526D-10
   86.750000    1.0012815110120D-08  9.506D-10
   86.812500    9.9912076999756D-09  9.485D-10
   86.875000    9.9696624118889D-09  9.465D-10
   86.937500    9.9481790227760D-09  9.444D-10
   87.000000    9.9267573105428D-09  9.424D-10
   87.062500    9.9053970540011D-09  9.404D-10
   87.125000    9.8840980329777D-09  9.384D-10
   87.187500    9.8628600281810D-09  9.363D-10
   87.250000    9.8416828213100D-09  9.343D-10
   87.312500    9.8205661949696D-09  9.323D-10
   87.375000    9.7995099327071D-09  9.303D-10
   87.437500    9.7785138190120D-09  9.283D-10
   87.500000    9.7575776392674D-09  9.264D-10
   87.562500    9.7367011797870D-09  9.244D-10
   87.625000    9.7158842278144D-09  9.224D-10
   87.687500    9.6951265714751D-09  9.204D-10
   87.750000    9.6744279998125D-09  9.185D-10
   87.812500    9.6537883027885D-09  9.165D-10
   87.875000    9.6332072712101D-09  9.145D-10
   87.937500    9.6126846968268D-09  9.126D-10
   88.000000    9.5922203722580D-09  9.107D-10
   88.062500    9.5718140909925D-09  9.087D-10
   88.125000    9.5514656474012D-09  9.068D-10
   88.187500    9.5311748367368D-09  9.049D-10
   88.250000    9.5109414551338D-09  9.029D-10
   88.312500    9.4907652995482D-09  9.010D-10
   88.375000    9.4706461678420D-09  8.991D-10
   88.437500    9.4505838586985D-09  8.972D-10
   88.500000    9.4305781716953D-09  8.953D-10
   88.562500    9.4106289072068D-09  8.934D-10
   88.625000    9.3907358664898D-09  8.915D-10
   88.687500    9.3708988516220D-09  8.896D-10
   88.750000    9.3511176655271D-09  8.878D-10
   88.812500    9.3313921119502D-09  8.859D-10
   88.875000    9.3117219954697D-09  8.840D-10
   88.937500    9.2921071214858D-09  8.822D-10
   89.000000    9.2725472962079D-09  8.803D-10
   89.062500    9.2530423266790D-09  8.785D-10
   89.125000    9.2335920207513D-09  8.766D-10
   89.187500    9.2141961870625D-09  8.748D-10
   89.250000    9.1948546350716D-09  8.729D-10
   89.312500    9.1755671750470D-09  8.711D-10
   89.375000    9.1563336180182D-09  8.693D-10
   89.437500    9.1371537758362D-09  8.675D-10
   89.500000    9.1180274611251D-09  8.656D-10
   89.562500    9.0989544873063D-09  8.638D-10
   89.625000    9.0799346685623D-09  8.620D-10
   89.687500    9.0609678198608D-09  8.602D-10
   89.750000    9.0420537569548D-09  8.584D-10
   89.812500    9.0231922963342D-09  8.566D-10
   89.875000    9.0043832552982D-09  8.548D-10
   89.937500    8.9856264518588D-09  8.531D-10
   90.000000    8.9669217048255D-09  8.513D-10
   90.062500    8.9482688337323D-09  8.495D-10
   90.125000    8.9296676588746D-09  8.478D-10
   90.187500    8.9111180013087D-09  8.460D-10
   90.250000    8.8926196828158D-09  8.442D-10
   90.312500    8.8741725259018D-09  8.425D-10
   90.375000    8.8557763538582D-09  8.407D-10
   90.437500    8.8374309906526D-09  8.390D-10
   90.500000    8.8191362610139D-09  8.373D-10
   90.562500    8.8008919903959D-09  8.355D-10
   90.625000    8.7826980049529D-09  8.338D-10
   90.687500    8.7645541315764D-09  8.321D-10
   90.750000    8.7464601978704D-09  8.304D-10
   90.812500    8.7284160321396D-09  8.286D-10
   90.875000    8.7104214634138D-09  8.269D-10
   90.937500    8.6924763214112D-09  8.252D-10
   91.000000    8.6745804365507D-09  8.235D-10
   91.062500    8.6567336399519D-09  8.218D-10
   91.125000    8.6389357634474D-09  8.202D-10
   91.187500    8.6211866395338D-09  8.185D-10
   91.250000    8.6034861014088D-09  8.168D-10
   91.312500    8.5858339829465D-09  8.151D-10
   91.375000    8.5682301187095D-09  8.134D-10
   91.437500    8.5506743439492D-09  8.118D-10
   91.500000    8.5331664945572D-09  8.101D-10
   91.562500    8.5157064071258D-09  8.085D-10
   91.625000    8.4982939189238D-09  8.068D-10
   91.687500    8.4809288678362D-09  8.052D-10
   91.750000    8.4636110924728D-09  8.035D-10
   91.812500    8.4463404320477D-09  8.019D-10
   91.875000    8.4291167264753D-09  8.002D-10
   91.937500    8.4119398162864D-09  7.986D-10
   92.000000    8.3948095426762D-09  7.970D-10
   92.062500    8.3777257474923D-09  7.954D-10
   92.125000    8.3606882732226D-09  7.937D-10
   92.187500    8.3436969629710D-09  7.921D-10
   92.250000    8.3267516605304D-09  7.905D-10
   92.312500    8.3098522102610D-09  7.889D-10
   92.375000    8.2929984572242D-09  7.873D-10
   92.437500    8.2761902470490D-09  7.857D-10
   92.500000    8.2594274260166D-09  7.841D-10
   92.562500    8.2427098410488D-09  7.825D-10
   92.625000    8.2260373396473D-09  7.810D-10
   92.687500    8.2094097699539D-09  7.794D-10
   92.750000    8.1928269807266D-09  7.778D-10
   92.812500    8.1762888213156D-09  7.762D-10
   92.875000    8.1597951416990D-09  7.747D-10
   92.937500    8.1433457924594D-09  7.731D-10
   93.000000    8.1269406247467D-09  7.715D-10
   93.062500    8.1105794903515D-09  7.700D-10
   93.125000    8.0942622416442D-09  7.684D-10
   93.187500    8.0779887315871D-09  7.669D-10
   93.250000    8.0617588137347D-09  7.654D-10
   93.312500    8.0455723422212D-09  7.638D-10
   93.375000    8.0294291717970D-09  7.623D-10
   93.437500    8.0133291577684D-09  7.608D-10
   93.500000    7.9972721560093D-09  7.592D-10
   93.562500    7.9812580229858D-09  7.577D-10
   93.625000    7.9652866157679D-09  7.562D-10
   93.687500    7.9493577919453D-09  7.547D-10
   93.750000    7.9334714097116D-09  7.532D-10
   93.812500    7.9176273278041D-09  7.517D-10
   93.875000    7.9018254055402D-09  7.502D-10
   93.937500    7.8860655028049D-09  7.487D-10
   94.000000    7.8703474800149D-09  7.472D-10
   94.062500    7.8546711981668D-09  7.457D-10
   94.125000    7.8390365188009D-09  7.442D-10
   94.187500    7.8234433040133D-09  7.427D-10
   94.250000    7.8078914164315D-09  7.413D-10
   94.312500    7.7923807192511D-09  7.398D-10
   94.375000    7.7769110761991D-09  7.383D-10
   94.437500    7.7614823515462D-09  7.369D-10
   94.500000    7.7460944100948D-09  7.354D-10
   94.562500    7.7307471171910D-09  7.339D-10
   94.625000    7.7154403387244D-09  7.325D-10
   94.687500    7.7001739410800D-09  7.310D-10
   94.750000    7.6849477911988D-09  7.296D-10
   94.812500    7.6697617565531D-09  7.281D-10
   94.875000    7.6546157051227D-09  7.267D-10
   94.937500    7.6395095054071D-09  7.253D-10
   95.000000    7.6244430264372D-09  7.238D-10
   95.062500    7.6094161377514D-09  7.224D-10
   95.125000    7.5944287093957D-09  7.210D-10
   95.187500    7.5794806119473D-09  7.196D-10
   95.250000    7.5645717164793D-09  7.182D-10
   95.312500    7.5497018945596D-09  7.167D-10
   95.375000    7.5348710183003D-09  7.153D-10
   95.437500    7.5200789602602D-09  7.139D-10
   95.500000    7.5053255935418D-09  7.125D-10
   95.562500    7.4906107917311D-09  7.111D-10
   95.625000    7.4759344288971D-09  7.097D-10
   95.687500    7.4612963796286D-09  7.084D-10
   95.750000    7.4466965189854D-09  7.070D-10
   95.812500    7.4321347225107D-09  7.056D-10
   95.875000    7.4176108662550D-09  7.042D-10
   95.937500    7.4031248267402D-09  7.028D-10
   96.000000    7.3886764809714D-09  7.015D-10
   96.062500    7.3742657064247D-09  7.001D-10
   96.125000    7.3598923810719D-09  6.987D-10
   96.187500    7.3455563833438D-09  6.974D-10
   96.250000    7.3312575921664D-09  6.960D-10
   96.312500    7.3169958869009D-09  6.947D-10
   96.375000    7.3027711474037D-09  6.933D-10
   96.437500    7.2885832540025D-09  6.920D-10
   96.500000    7.2744320874720D-09  6.906D-10
   96.562500    7.2603175290580D-09  6.893D-10
   96.625000    7.2462394604658D-09  6.879D-10
   96.687500    7.2321977638472D-09  6.866D-10
   96.750000    7.2181923218499D-09  6.853D-10
   96.812500    7.2042230175198D-09  6.839D-10
   96.875000    7.1902897343987D-09  6.826D-10
   96.937500    7.1763923564629D-09  6.813D-10
   97.000000    7.1625307681360D-09  6.800D-10
   97.062500    7.1487048542766D-09  6.787D-10
   97.125000    7.1349145002143D-09  6.774D-10
   97.187500    7.1211595917017D-09  6.761D-10
   97.250000    7.1074400149386D-09  6.748D-10
   97.312500    7.0937556565473D-09  6.735D-10
   97.375000    7.0801064036097D-09  6.722D-10
   97.437500    7.0664921436422D-09  6.709D-10
   97.500000    7.0529127645603D-09  6.696D-10
   97.562500    7.0393681547384D-09  6.683D-10
   97.625000    7.0258582029860D-09  6.670D-10
   97.687500    7.0123827985112D-09  6.657D-10
   97.750000    6.9989418309813D-09  6.645D-10
   97.812500    6.9855351904382D-09  6.632D-10
   97.875000    6.9721627673950D-09  6.619D-10
   97.937500    6.9588244527513D-09  6.606D-10
   98.000000    6.9455201378418D-09  6.594D-10
   98.062500    6.9322497144120D-09  6.581D-10
   98.125000    6.9190130746061D-09  6.569D-10
   98.187500    6.9058101109912D-09  6.556D-10
   98.250000    6.8926407165574D-09  6.544D-10
   98.312500    6.8795047846690D-09  6.531D-10
   98.375000    6.8664022091378D-09  6.519D-10
   98.437500    6.8533328841498D-09  6.506D-10
   98.500000    6.8402967043022D-09  6.494D-10
   98.562500    6.8272935646025D-09  6.482D-10
   98.625000    6.8143233604332D-09  6.469D-10
   98.687500    6.8013859875874D-09  6.457D-10
   98.750000    6.7884813422690D-09  6.445D-10
   98.812500    6.7756093210446D-09  6.433D-10
   98.875000    6.7627698209154D-09  6.420D-10
   98.937500    6.7499627392213D-09  6.408D-10
   99.000000    6.7371879737248D-09  6.396D-10
   99.062500    6.7244454225632D-09  6.384D-10
   99.125000    6.7117349842602D-09  6.372D-10
   99.187500    6.6990565577384D-09  6.360D-10
   99.250000    6.6864100422708D-09  6.348D-10
   99.312500    6.6737953375411D-09  6.336D-10
   99.375000    6.6612123435957D-09  6.324D-10
   99.437500    6.6486609608432D-09  6.312D-10
   99.500000    6.6361410901032D-09  6.300D-10
   99.562500    6.6236526325456D-09  6.288D-10
   99.625000    6.6111954897151D-09  6.276D-10
   99.687500    6.5987695635064D-09  6.265D-10
   99.750000    6.5863747562374D-09  6.253D-10
   99.812500    6.5740109705280D-09  6.241D-10
   99.875000    6.5616781094211D-09  6.229D-10
   99.937500    6.5493760762735D-09  6.218D-10
  100.000000    6.5371047748288D-09  6.206D-10
  100.062500    6.5248641091932D-09  6.194D-10
  100.125000    6.5126539838352D-09  6.183D-10
  100.187500    6.5004743035617D-09  6.171D-10
  100.250000    6.4883249735542D-09  6.160D-10
  100.312500    6.4762058993324D-09  6.148D-10
  100.375000    6.4641169867666D-09  6.137D-10
  100.437500    6.4520581421136D-09  6.125D-10
  100.500000    6.4400292719444D-09  6.114D-10
  100.562500    6.4280302831804D-09  6.103D-10
  100.625000    6.4160610830935D-09  6.091D-10
  100.687500    6.4041215793178D-09  6.080D-10
  100.750000    6.3922116798141D-09  6.069D-10
  100.812500    6.3803312928933D-09  6.057D-10
  100.875000    6.3684803271804D-09  6.046D-10
  100.937500    6.3566586916872D-09  6.035D-10
  101.000000    6.3448662957156D-09  6.024D-10
  101.062500    6.3331030489418D-09  6.012D-10
  101.125000    6.3213688613564D-09  6.001D-10
  101.187500    6.3096636432760D-09  5.990D-10
  101.250000    6.2979873053679D-09  5.979D-10
  101.312500    6.2863397586255D-09  5.968D-10
  101.375000    6.2747209143684D-09  5.957D-10
  101.437500    6.2631306842424D-09  5.946D-10
  101.500000    6.2515689802077D-09  5.935D-10
  101.562500    6.2400357145747D-09  5.924D-10
  101.625000    6.2285307999559D-09  5.913D-10
  101.687500    6.2170541493023D-09  5.902D-10
  101.750000    6.2056056758667D-09  5.891D-10
  101.812500    6.1941852932404D-09  5.881D-10
  101.875000    6.1827929153169D-09  5.870D-10
  101.937500    6.1714284563156D-09  5.859D-10
  102.000000    6.1600918307705D-09  5.848D-10
  102.062500    6.1487829535293D-09  5.837D-10
  102.125000    6.1375017397422D-09  5.827D-10
  102.187500    6.1262481048854D-09  5.816D-10
  102.250000    6.1150219647372D-09  5.805D-10
  102.312500    6.1038232353781D-09  5.795D-10
  102.375000    6.0926518332026D-09  5.784D-10
  102.437500    6.0815076749196D-09  5.774D-10
  102.500000    6.0703906775277D-09  5.763D-10
  102.562500    6.0593007583279D-09  5.753D-10
  102.625000    6.0482378349472D-09  5.742D-10
  102.687500    6.0372018252906D-09  5.732D-10
  102.750000    6.0261926475532D-09  5.721D-10
  102.812500    6.0152102202561D-09  5.711D-10
  102.875000    6.0042544621987D-09  5.700D-10
  102.937500    5.9933252924820D-09  5.690D-10
  103.000000    5.9824226305096D-09  5.680D-10
  103.062500    5.9715463959626D-09  5.669D-10
  103.125000    5.9606965088123D-09  5.659D-10
  103.187500    5.9498728893321D-09  5.649D-10
  103.250000    5.9390754580854D-09  5.638D-10
  103.312500    5.9283041359254D-09  5.628D-10
  103.375000    5.9175588439715D-09  5.618D-10
  103.437500    5.9068395036569D-09  5.608D-10
  103.500000    5.8961460366808D-09  5.598D-10
  103.562500    5.8854783650205D-09  5.587D-10
  103.625000    5.8748364109671D-09  5.577D-10
  103.687500    5.8642200970536D-09  5.567D-10
  103.750000    5.8536293461152D-09  5.557D-10
  103.812500    5.8430640812526D-09  5.547D-10
  103.875000    5.8325242258689D-09  5.537D-10
  103.937500    5.8220097036207D-09  5.527D-10
  104.000000    5.8115204384429D-09  5.517D-10
  104.062500    5.8010563545478D-09  5.507D-10
  104.125000    5.7906173764140D-09  5.497D-10
  104.187500    5.7802034287977D-09  5.488D-10
  104.250000    5.7698144367333D-09  5.478D-10
  104.312500    5.7594503255088D-09  5.468D-10
  104.375000    5.7491110207021D-09  5.458D-10
  104.437500    5.7387964481209D-09  5.448D-10
  104.500000    5.7285065338749D-09  5.438D-10
  104.562500    5.7182412043154D-09  5.429D-10
  104.625000    5.7080003860839D-09  5.419D-10
  104.687500    5.6977840060634D-09  5.409D-10
  104.750000    5.6875919913907D-09  5.400D-10
  104.812500    5.6774242694806D-09  5.390D-10
  104.875000    5.6672807680136D-09  5.380D-10
  104.937500    5.6571614148999D-09  5.371D-10
  105.000000    5.6470661383397D-09  5.361D-10
  105.062500    5.6369948667628D-09  5.352D-10
  105.125000    5.6269475288647D-09  5.342D-10
  105.187500    5.6169240536069D-09  5.333D-10
  105.250000    5.6069243701805D-09  5.323D-10
  105.312500    5.5969484080302D-09  5.314D-10
  105.375000    5.5869960968910D-09  5.304D-10
  105.437500    5.5770673666908D-09  5.295D-10
  105.500000    5.5671621476480D-09  5.285D-10
  105.562500    5.5572803702103D-09  5.276D-10
  105.625000    5.5474219650791D-09  5.267D-10
  105.687500    5.5375868631856D-09  5.257D-10
  105.750000    5.5277749957268D-09  5.248D-10
  105.812500    5.5179862941412D-09  5.239D-10
  105.875000    5.5082206900971D-09  5.229D-10
  105.937500    5.4984781155166D-09  5.220D-10
  106.000000    5.4887585025510D-09  5.211D-10
  106.062500    5.4790617836059D-09  5.202D-10
  106.125000    5.4693878912920D-09  5.192D-10
  106.187500    5.4597367585221D-09  5.183D-10
  106.250000    5.4501083183782D-09  5.174D-10
  106.312500    5.4405025042083D-09  5.165D-10
  106.375000    5.4309192496020D-09  5.156D-10
  106.437500    5.4213584883662D-09  5.147D-10
  106.500000    5.4118201545618D-09  5.138D-10
  106.562500    5.4023041824551D-09  5.129D-10
  106.625000    5.3928105065541D-09  5.120D-10
  106.687500    5.3833390616082D-09  5.111D-10
  106.750000    5.3738897825848D-09  5.102D-10
  106.812500    5.3644626046805D-09  5.093D-10
  106.875000    5.3550574633095D-09  5.084D-10
  106.937500    5.3456742941519D-09  5.075D-10
  107.000000    5.3363130330449D-09  5.066D-10
  107.062500    5.3269736161278D-09  5.057D-10
  107.125000    5.3176559796849D-09  5.048D-10
  107.187500    5.3083600603026D-09  5.040D-10
  107.250000    5.2990857947243D-09  5.031D-10
  107.312500    5.2898331199473D-09  5.022D-10
  107.375000    5.2806019731742D-09  5.013D-10
  107.437500    5.2713922918374D-09  5.004D-10
  107.500000    5.2622040135866D-09  4.996D-10
  107.562500    5.2530370762891D-09  4.987D-10
  107.625000    5.2438914180055D-09  4.978D-10
  107.687500    5.2347669770624D-09  4.970D-10
  107.750000    5.2256636919313D-09  4.961D-10
  107.812500    5.2165815013736D-09  4.952D-10
  107.875000    5.2075203442960D-09  4.944D-10
  107.937500    5.1984801598587D-09  4.935D-10
  108.000000    5.1894608874273D-09  4.927D-10
  108.062500    5.1804624665612D-09  4.918D-10
  108.125000    5.1714848370367D-09  4.910D-10
  108.187500    5.1625279388601D-09  4.901D-10
  108.250000    5.1535917122067D-09  4.893D-10
  108.312500    5.1446760974937D-09  4.884D-10
  108.375000    5.1357810353313D-09  4.876D-10
  108.437500    5.1269064665114D-09  4.867D-10
  108.500000    5.1180523320671D-09  4.859D-10
  108.562500    5.1092185732253D-09  4.851D-10
  108.625000    5.1004051314058D-09  4.842D-10
  108.687500    5.0916119482223D-09  4.834D-10
  108.750000    5.0828389655296D-09  4.825D-10
  108.812500    5.0740861253279D-09  4.817D-10
  108.875000    5.0653533698590D-09  4.809D-10
  108.937500    5.0566406415459D-09  4.801D-10
  109.000000    5.0479478830170D-09  4.792D-10
  109.062500    5.0392750370821D-09  4.784D-10
  109.125000    5.0306220467685D-09  4.776D-10
  109.187500    5.0219888552846D-09  4.768D-10
  109.250000    5.0133754060443D-09  4.760D-10
  109.312500    5.0047816426430D-09  4.751D-10
  109.375000    4.9962075088812D-09  4.743D-10
  109.437500    4.9876529487409D-09  4.735D-10
  109.500000    4.9791179063973D-09  4.727D-10
  109.562500    4.9706023262311D-09  4.719D-10
  109.625000    4.9621061528042D-09  4.711D-10
  109.687500    4.9536293308478D-09  4.703D-10
  109.750000    4.9451718053227D-09  4.695D-10
  109.812500    4.9367335213466D-09  4.687D-10
  109.875000    4.9283144242187D-09  4.679D-10
  109.937500    4.9199144594556D-09  4.671D-10
  110.000000    4.9115335727431D-09  4.663D-10
  110.062500    4.9031717099362D-09  4.655D-10
  110.125000    4.8948288171073D-09  4.647D-10
  110.187500    4.8865048404862D-09  4.639D-10
  110.250000    4.8781997264957D-09  4.631D-10
  110.312500    4.8699134217280D-09  4.623D-10
  110.375000    4.8616458729806D-09  4.615D-10
  110.437500    4.8533970272082D-09  4.608D-10
  110.500000    4.8451668315710D-09  4.600D-10
  110.562500    4.8369552333741D-09  4.592D-10
  110.625000    4.8287621801158D-09  4.584D-10
  110.687500    4.8205876195002D-09  4.577D-10
  110.750000    4.8124314993640D-09  4.569D-10
  110.812500    4.8042937677495D-09  4.561D-10
  110.875000    4.7961743728562D-09  4.553D-10
  110.937500    4.7880732630767D-09  4.546D-10
  111.000000    4.7799903869608D-09  4.538D-10
  111.062500    4.7719256932397D-09  4.530D-10
  111.125000    4.7638791308377D-09  4.523D-10
  111.187500    4.7558506488002D-09  4.515D-10
  111.250000    4.7478401964021D-09  4.507D-10
  111.312500    4.7398477230391D-09  4.500D-10
  111.375000    4.7318731783245D-09  4.492D-10
  111.437500    4.7239165119923D-09  4.485D-10
  111.500000    4.7159776739942D-09  4.477D-10
  111.562500    4.7080566144027D-09  4.470D-10
  111.625000    4.7001532834958D-09  4.462D-10
  111.687500    4.6922676316962D-09  4.455D-10
  111.750000    4.6843996095962D-09  4.447D-10
  111.812500    4.6765491679691D-09  4.440D-10
  111.875000    4.6687162577455D-09  4.432D-10
  111.937500    4.6609008300007D-09  4.425D-10
  112.000000    4.6531028359917D-09  4.418D-10
  112.062500    4.6453222271442D-09  4.410D-10
  112.125000    4.6375589550294D-09  4.403D-10
  112.187500    4.6298129713874D-09  4.395D-10
  112.250000    4.6220842281395D-09  4.388D-10
  112.312500    4.6143726773281D-09  4.381D-10
  112.375000    4.6066782711888D-09  4.373D-10
  112.437500    4.5990009621023D-09  4.366D-10
  112.500000    4.5913407026062D-09  4.359D-10
  112.562500    4.5836974453954D-09  4.352D-10
  112.625000    4.5760711433341D-09  4.344D-10
  112.687500    4.5684617494190D-09  4.337D-10
  112.750000    4.5608692168527D-09  4.330D-10
  112.812500    4.5532934989221D-09  4.323D-10
  112.875000    4.5457345491317D-09  4.316D-10
  112.937500    4.5381923211070D-09  4.308D-10
  113.000000    4.5306667686425D-09  4.301D-10
  113.062500    4.5231578456656D-09  4.294D-10
  113.125000    4.5156655062852D-09  4.287D-10
  113.187500    4.5081897047308D-09  4.280D-10
  113.250000    4.5007303954133D-09  4.273D-10
  113.312500    4.4932875328766D-09  4.266D-10
  113.375000    4.4858610718094D-09  4.259D-10
  113.437500    4.4784509670699D-09  4.252D-10
  113.500000    4.4710571736609D-09  4.245D-10
  113.562500    4.4636796467065D-09  4.238D-10
  113.625000    4.4563183415238D-09  4.231D-10
  113.687500    4.4489732135268D-09  4.224D-10
  113.750000    4.4416442183348D-09  4.217D-10
  113.812500    4.4343313116519D-09  4.210D-10
  113.875000    4.4270344493752D-09  4.203D-10
  113.937500    4.4197535875109D-09  4.196D-10
