
variables = "r", "tA(r)", "Uncertainty"
zone T = "State 2 qA(r)  66N16p6q3Rf4_40C3ReD"

    1.500000   -1.5635826070035D-04  1.250D-05
    1.562500   -1.4980720401096D-04  1.198D-05
    1.625000   -1.4302887333823D-04  1.144D-05
    1.687500   -1.3605902726829D-04  1.088D-05
    1.750000   -1.2893542189172D-04  1.031D-05
    1.812500   -1.2169717330675D-04  9.730D-06
    1.875000   -1.1438410389855D-04  9.145D-06
    1.937500   -1.0703609156900D-04  8.558D-06
    2.000000   -9.9692440412948D-05  7.970D-06
    2.062500   -9.2391289827202D-05  7.387D-06
    2.125000   -8.5169076821446D-05  6.809D-06
    2.187500   -7.8060063540252D-05  6.241D-06
    2.250000   -7.1095938892855D-05  5.684D-06
    2.312500   -6.4305499918164D-05  5.141D-06
    2.375000   -5.7714415276591D-05  4.614D-06
    2.437500   -5.1345070225226D-05  4.105D-06
    2.500000   -4.5216489735490D-05  3.615D-06
    2.562500   -3.9344334151854D-05  3.146D-06
    2.625000   -3.3740960026547D-05  2.698D-06
    2.687500   -2.8415537520198D-05  2.272D-06
    2.750000   -2.3374215020405D-05  1.869D-06
    2.812500   -1.8620321360153D-05  1.489D-06
    2.875000   -1.4154596156560D-05  1.132D-06
    2.937500   -9.9754392657415D-06  7.975D-07
    3.000000   -6.0791710840968D-06  4.860D-07
    3.062500   -2.4602963428192D-06  1.967D-07
    3.125000    8.8823493123941D-07  7.101D-08
    3.187500    3.9747745429206D-06  3.178D-07
    3.250000    6.8087355339559D-06  5.444D-07
    3.312500    9.4003670402389D-06  7.516D-07
    3.375000    1.1760546840497D-05  9.403D-07
    3.437500    1.3900593001877D-05  1.111D-06
    3.500000    1.5832095306747D-05  1.266D-06
    3.562500    1.7566766540254D-05  1.404D-06
    3.625000    1.9116313227831D-05  1.528D-06
    3.687500    2.0492325029290D-05  1.638D-06
    3.750000    2.1706181711843D-05  1.735D-06
    3.812500    2.2768976426919D-05  1.820D-06
    3.875000    2.3691453892704D-05  1.894D-06
    3.937500    2.4483962023755D-05  1.958D-06
    4.000000    2.5156415538855D-05  2.011D-06
    4.062500    2.5718270107794D-05  2.056D-06
    4.125000    2.6178505657173D-05  2.093D-06
    4.187500    2.6545617536133D-05  2.122D-06
    4.250000    2.6827614338068D-05  2.145D-06
    4.312500    2.7032021277863D-05  2.161D-06
    4.375000    2.7165888131245D-05  2.172D-06
    4.437500    2.7235800849805D-05  2.178D-06
    4.500000    2.7247896069237D-05  2.178D-06
    4.562500    2.7207877827344D-05  2.175D-06
    4.625000    2.7121035901007D-05  2.168D-06
    4.687500    2.6992265256700D-05  2.158D-06
    4.750000    2.6826086186894D-05  2.145D-06
    4.812500    2.6626664774560D-05  2.129D-06
    4.875000    2.6397833390338D-05  2.111D-06
    4.937500    2.6143110981753D-05  2.090D-06
    5.000000    2.5865722961945D-05  2.068D-06
    5.062500    2.5568620546847D-05  2.044D-06
    5.125000    2.5254499425514D-05  2.019D-06
    5.187500    2.4925817678627D-05  1.993D-06
    5.250000    2.4584812885847D-05  1.966D-06
    5.312500    2.4233518384085D-05  1.937D-06
    5.375000    2.3873778656469D-05  1.909D-06
    5.437500    2.3507263846229D-05  1.879D-06
    5.500000    2.3135483401420D-05  1.850D-06
    5.562500    2.2759798865637D-05  1.820D-06
    5.625000    2.2381435837091D-05  1.789D-06
    5.687500    2.2001495123900D-05  1.759D-06
    5.750000    2.1620963127444D-05  1.729D-06
    5.812500    2.1240721488434D-05  1.698D-06
    5.875000    2.0861556032134D-05  1.668D-06
    5.937500    2.0484165050138D-05  1.638D-06
    6.000000    2.0109166956418D-05  1.608D-06
    6.062500    1.9737107355094D-05  1.578D-06
    6.125000    1.9368465556768D-05  1.549D-06
    6.187500    1.9003660579265D-05  1.519D-06
    6.250000    1.8643056667405D-05  1.491D-06
    6.312500    1.8286968365062D-05  1.462D-06
    6.375000    1.7935665171221D-05  1.434D-06
    6.437500    1.7589375810193D-05  1.406D-06
    6.500000    1.7248292144476D-05  1.379D-06
    6.562500    1.6912572757154D-05  1.352D-06
    6.625000    1.6582346229066D-05  1.326D-06
    6.687500    1.6257714134408D-05  1.300D-06
    6.750000    1.5938753776864D-05  1.274D-06
    6.812500    1.5625520686873D-05  1.249D-06
    6.875000    1.5318050899209D-05  1.225D-06
    6.937500    1.5016363028682D-05  1.201D-06
    7.000000    1.4720460160472D-05  1.177D-06
    7.062500    1.4430331570391D-05  1.154D-06
    7.125000    1.4145954289201D-05  1.131D-06
    7.187500    1.3867294524050D-05  1.109D-06
    7.250000    1.3594308949079D-05  1.087D-06
    7.312500    1.3326945876274D-05  1.065D-06
    7.375000    1.3065146316813D-05  1.045D-06
    7.437500    1.2808844942289D-05  1.024D-06
    7.500000    1.2557970954451D-05  1.004D-06
    7.562500    1.2312448871413D-05  9.844D-07
    7.625000    1.2072199237604D-05  9.652D-07
    7.687500    1.1837139264152D-05  9.464D-07
    7.750000    1.1607183405824D-05  9.280D-07
    7.812500    1.1382243880145D-05  9.100D-07
    7.875000    1.1162231133838D-05  8.924D-07
    7.937500    1.0947054261286D-05  8.752D-07
    8.000000    1.0736621379342D-05  8.584D-07
    8.062500    1.0530839962421D-05  8.419D-07
    8.125000    1.0329617141470D-05  8.259D-07
    8.187500    1.0132859970135D-05  8.101D-07
    8.250000    9.9404756611089D-06  7.947D-07
    8.312500    9.7523717954392D-06  7.797D-07
    8.375000    9.5684565072792D-06  7.650D-07
    8.437500    9.3886386463996D-06  7.506D-07
    8.500000    9.2128279205400D-06  7.366D-07
    8.562500    9.0409350195131D-06  7.228D-07
    8.625000    8.8728717228050D-06  7.094D-07
    8.687500    8.7085509922556D-06  6.963D-07
    8.750000    8.5478870512703D-06  6.834D-07
    8.812500    8.3907954518785D-06  6.708D-07
    8.875000    8.2371931308428D-06  6.586D-07
    8.937500    8.0869984559109D-06  6.466D-07
    9.000000    7.9401312632075D-06  6.348D-07
    9.062500    7.7965128866714D-06  6.233D-07
    9.125000    7.6560661803627D-06  6.121D-07
    9.187500    7.5187155343898D-06  6.011D-07
    9.250000    7.3843868851365D-06  5.904D-07
    9.312500    7.2530077204099D-06  5.799D-07
    9.375000    7.1245070800695D-06  5.696D-07
    9.437500    6.9988155526484D-06  5.596D-07
    9.500000    6.8758652684306D-06  5.497D-07
    9.562500    6.7555898894010D-06  5.401D-07
    9.625000    6.6379245964525D-06  5.307D-07
    9.687500    6.5228060741901D-06  5.215D-07
    9.750000    6.4101724936477D-06  5.125D-07
    9.812500    6.2999634931959D-06  5.037D-07
    9.875000    6.1921201578972D-06  4.951D-07
    9.937500    6.0865849975384D-06  4.866D-07
   10.000000    5.9833019235457D-06  4.784D-07
   10.062500    5.8822162249713D-06  4.703D-07
   10.125000    5.7832745437168D-06  4.624D-07
   10.187500    5.6864248491471D-06  4.546D-07
   10.250000    5.5916164122274D-06  4.471D-07
   10.312500    5.4987997793062D-06  4.396D-07
   10.375000    5.4079267456524D-06  4.324D-07
   10.437500    5.3189503288429D-06  4.253D-07
   10.500000    5.2318247420865D-06  4.183D-07
   10.562500    5.1465053675626D-06  4.115D-07
   10.625000    5.0629487298394D-06  4.048D-07
   10.687500    4.9811124694349D-06  3.982D-07
   10.750000    4.9009553165707D-06  3.918D-07
   10.812500    4.8224370651668D-06  3.856D-07
   10.875000    4.7455185471166D-06  3.794D-07
   10.937500    4.6701616068774D-06  3.734D-07
   11.000000    4.5963290764075D-06  3.675D-07
   11.062500    4.5239847504748D-06  3.617D-07
   11.125000    4.4530933623585D-06  3.560D-07
   11.187500    4.3836205599643D-06  3.505D-07
   11.250000    4.3155328823663D-06  3.450D-07
   11.312500    4.2487977367891D-06  3.397D-07
   11.375000    4.1833833760391D-06  3.345D-07
   11.437500    4.1192588763944D-06  3.293D-07
   11.500000    4.0563941159555D-06  3.243D-07
   11.562500    3.9947597534641D-06  3.194D-07
   11.625000    3.9343272075888D-06  3.146D-07
   11.687500    3.8750686366809D-06  3.098D-07
   11.750000    3.8169569189966D-06  3.052D-07
   11.812500    3.7599656333867D-06  3.006D-07
   11.875000    3.7040690404486D-06  2.961D-07
   11.937500    3.6492420641375D-06  2.918D-07
   12.000000    3.5954602738323D-06  2.875D-07
   12.062500    3.5426998668508D-06  2.832D-07
   12.125000    3.4909376514081D-06  2.791D-07
   12.187500    3.4401510300120D-06  2.750D-07
   12.250000    3.3903179832884D-06  2.711D-07
   12.312500    3.3414170542296D-06  2.671D-07
   12.375000    3.2934273328582D-06  2.633D-07
   12.437500    3.2463284412979D-06  2.595D-07
   12.500000    3.2001005192449D-06  2.558D-07
   12.562500    3.1547242098300D-06  2.522D-07
   12.625000    3.1101806458646D-06  2.487D-07
   12.687500    3.0664514364611D-06  2.452D-07
   12.750000    3.0235186540205D-06  2.417D-07
   12.812500    2.9813648215778D-06  2.384D-07
   12.875000    2.9399729004976D-06  2.351D-07
   12.937500    2.8993262785109D-06  2.318D-07
   13.000000    2.8594087580853D-06  2.286D-07
   13.062500    2.8202045451201D-06  2.255D-07
   13.125000    2.7816982379583D-06  2.224D-07
   13.187500    2.7438748167071D-06  2.194D-07
   13.250000    2.7067196328593D-06  2.164D-07
   13.312500    2.6702183992075D-06  2.135D-07
   13.375000    2.6343571800435D-06  2.106D-07
   13.437500    2.5991223816354D-06  2.078D-07
   13.500000    2.5645007429744D-06  2.050D-07
   13.562500    2.5304793267844D-06  2.023D-07
   13.625000    2.4970455107875D-06  1.996D-07
   13.687500    2.4641869792172D-06  1.970D-07
   13.750000    2.4318917145742D-06  1.944D-07
   13.812500    2.4001479896161D-06  1.919D-07
   13.875000    2.3689443595757D-06  1.894D-07
   13.937500    2.3382696546011D-06  1.869D-07
   14.000000    2.3081129724110D-06  1.845D-07
   14.062500    2.2784636711600D-06  1.822D-07
   14.125000    2.2493113625061D-06  1.798D-07
   14.187500    2.2206459048768D-06  1.775D-07
   14.250000    2.1924573969263D-06  1.753D-07
   14.312500    2.1647361711793D-06  1.731D-07
   14.375000    2.1374727878554D-06  1.709D-07
   14.437500    2.1106580288692D-06  1.687D-07
   14.500000    2.0842828920010D-06  1.666D-07
   14.562500    2.0583385852325D-06  1.646D-07
   14.625000    2.0328165212441D-06  1.625D-07
   14.687500    2.0077083120666D-06  1.605D-07
   14.750000    1.9830057638863D-06  1.585D-07
   14.812500    1.9587008719947D-06  1.566D-07
   14.875000    1.9347858158831D-06  1.547D-07
   14.937500    1.9112529544736D-06  1.528D-07
   15.000000    1.8880948214855D-06  1.510D-07
   15.062500    1.8653041209324D-06  1.491D-07
   15.125000    1.8428737227442D-06  1.473D-07
   15.187500    1.8207966585137D-06  1.456D-07
   15.250000    1.7990661173612D-06  1.438D-07
   15.312500    1.7776754419152D-06  1.421D-07
   15.375000    1.7566181244051D-06  1.404D-07
   15.437500    1.7358878028628D-06  1.388D-07
   15.500000    1.7154782574301D-06  1.372D-07
   15.562500    1.6953834067688D-06  1.355D-07
   15.625000    1.6755973045700D-06  1.340D-07
   15.687500    1.6561141361600D-06  1.324D-07
   15.750000    1.6369282152007D-06  1.309D-07
   15.812500    1.6180339804798D-06  1.294D-07
   15.875000    1.5994259927902D-06  1.279D-07
   15.937500    1.5810989318950D-06  1.264D-07
   16.000000    1.5630475935754D-06  1.250D-07
   16.062500    1.5452668867597D-06  1.235D-07
   16.125000    1.5277518307303D-06  1.221D-07
   16.187500    1.5104975524073D-06  1.208D-07
   16.250000    1.4934992837054D-06  1.194D-07
   16.312500    1.4767523589631D-06  1.181D-07
   16.375000    1.4602522124411D-06  1.167D-07
   16.437500    1.4439943758884D-06  1.154D-07
   16.500000    1.4279744761742D-06  1.142D-07
   16.562500    1.4121882329830D-06  1.129D-07
   16.625000    1.3966314565723D-06  1.117D-07
   16.687500    1.3813000455899D-06  1.104D-07
   16.750000    1.3661899849493D-06  1.092D-07
   16.812500    1.3512973437625D-06  1.080D-07
   16.875000    1.3366182733271D-06  1.069D-07
   16.937500    1.3221490051671D-06  1.057D-07
   17.000000    1.3078858491256D-06  1.046D-07
   17.062500    1.2938251915079D-06  1.034D-07
   17.125000    1.2799634932737D-06  1.023D-07
   17.187500    1.2662972882761D-06  1.012D-07
   17.250000    1.2528231815481D-06  1.002D-07
   17.312500    1.2395378476324D-06  9.910D-08
   17.375000    1.2264380289565D-06  9.805D-08
   17.437500    1.2135205342485D-06  9.702D-08
   17.500000    1.2007822369955D-06  9.600D-08
   17.562500    1.1882200739406D-06  9.500D-08
   17.625000    1.1758310436203D-06  9.401D-08
   17.687500    1.1636122049381D-06  9.303D-08
   17.750000    1.1515606757759D-06  9.207D-08
   17.812500    1.1396736316407D-06  9.112D-08
   17.875000    1.1279483043458D-06  9.018D-08
   17.937500    1.1163819807261D-06  8.926D-08
   18.000000    1.1049720013858D-06  8.834D-08
   18.062500    1.0937157594779D-06  8.744D-08
   18.125000    1.0826106995152D-06  8.656D-08
   18.187500    1.0716543162106D-06  8.568D-08
   18.250000    1.0608441533474D-06  8.482D-08
   18.312500    1.0501778026777D-06  8.396D-08
   18.375000    1.0396529028481D-06  8.312D-08
   18.437500    1.0292671383533D-06  8.229D-08
   18.500000    1.0190182385148D-06  8.147D-08
   18.562500    1.0089039764860D-06  8.066D-08
   18.625000    9.9892216828101D-07  7.986D-08
   18.687500    9.8907067182851D-07  7.908D-08
   18.750000    9.7934738604855D-07  7.830D-08
   18.812500    9.6975024995214D-07  7.753D-08
   18.875000    9.6027724176316D-07  7.677D-08
   18.937500    9.5092637806172D-07  7.603D-08
   19.000000    9.4169571294858D-07  7.529D-08
   19.062500    9.3258333722994D-07  7.456D-08
   19.125000    9.2358737762210D-07  7.384D-08
   19.187500    9.1470599597552D-07  7.313D-08
   19.250000    9.0593738851763D-07  7.243D-08
   19.312500    8.9727978511400D-07  7.174D-08
   19.375000    8.8873144854733D-07  7.105D-08
   19.437500    8.8029067381379D-07  7.038D-08
   19.500000    8.7195578743622D-07  6.971D-08
   19.562500    8.6372514679393D-07  6.906D-08
   19.625000    8.5559713946826D-07  6.841D-08
   19.687500    8.4757018260397D-07  6.776D-08
   19.750000    8.3964272228571D-07  6.713D-08
   19.812500    8.3181323292926D-07  6.650D-08
   19.875000    8.2408021668717D-07  6.589D-08
   19.937500    8.1644220286852D-07  6.528D-08
   20.000000    8.0889774737218D-07  6.467D-08
   20.062500    8.0144543213350D-07  6.408D-08
   20.125000    7.9408386458388D-07  6.349D-08
   20.187500    7.8681167712303D-07  6.291D-08
   20.250000    7.7962752660346D-07  6.233D-08
   20.312500    7.7253009382695D-07  6.176D-08
   20.375000    7.6551808305281D-07  6.120D-08
   20.437500    7.5859022151733D-07  6.065D-08
   20.500000    7.5174525896446D-07  6.010D-08
   20.562500    7.4498196718721D-07  5.956D-08
   20.625000    7.3829913957961D-07  5.903D-08
   20.687500    7.3169559069893D-07  5.850D-08
   20.750000    7.2517015583786D-07  5.798D-08
   20.812500    7.1872169060649D-07  5.746D-08
   20.875000    7.1234907052370D-07  5.695D-08
   20.937500    7.0605119061798D-07  5.645D-08
   21.000000    6.9982696503706D-07  5.595D-08
   21.062500    6.9367532666649D-07  5.546D-08
   21.125000    6.8759522675680D-07  5.497D-08
   21.187500    6.8158563455893D-07  5.449D-08
   21.250000    6.7564553696791D-07  5.402D-08
   21.312500    6.6977393817447D-07  5.355D-08
   21.375000    6.6396985932445D-07  5.308D-08
   21.437500    6.5823233818561D-07  5.263D-08
   21.500000    6.5256042882213D-07  5.217D-08
   21.562500    6.4695320127597D-07  5.172D-08
   21.625000    6.4140974125556D-07  5.128D-08
   21.687500    6.3592914983107D-07  5.084D-08
   21.750000    6.3051054313658D-07  5.041D-08
   21.812500    6.2515305207870D-07  4.998D-08
   21.875000    6.1985582205149D-07  4.956D-08
   21.937500    6.1461801265763D-07  4.914D-08
   22.000000    6.0943879743578D-07  4.872D-08
   22.062500    6.0431736359359D-07  4.832D-08
   22.125000    5.9925291174676D-07  4.791D-08
   22.187500    5.9424465566349D-07  4.751D-08
   22.250000    5.8929182201466D-07  4.711D-08
   22.312500    5.8439365012913D-07  4.672D-08
   22.375000    5.7954939175452D-07  4.634D-08
   22.437500    5.7475831082290D-07  4.595D-08
   22.500000    5.7001968322165D-07  4.557D-08
   22.562500    5.6533279656902D-07  4.520D-08
   22.625000    5.6069694999462D-07  4.483D-08
   22.687500    5.5611145392441D-07  4.446D-08
   22.750000    5.5157562987032D-07  4.410D-08
   22.812500    5.4708881022428D-07  4.374D-08
   22.875000    5.4265033805656D-07  4.339D-08
   22.937500    5.3825956691832D-07  4.303D-08
   23.000000    5.3391586064841D-07  4.269D-08
   23.062500    5.2961859318397D-07  4.234D-08
   23.125000    5.2536714837522D-07  4.200D-08
   23.187500    5.2116091980395D-07  4.167D-08
   23.250000    5.1699931060579D-07  4.133D-08
   23.312500    5.1288173329614D-07  4.101D-08
   23.375000    5.0880760959979D-07  4.068D-08
   23.437500    5.0477637028389D-07  4.036D-08
   23.500000    5.0078745499448D-07  4.004D-08
   23.562500    4.9684031209625D-07  3.972D-08
   23.625000    4.9293439851569D-07  3.941D-08
   23.687500    4.8906917958735D-07  3.910D-08
   23.750000    4.8524412890324D-07  3.880D-08
   23.812500    4.8145872816532D-07  3.849D-08
   23.875000    4.7771246704092D-07  3.819D-08
   23.937500    4.7400484302113D-07  3.790D-08
   24.000000    4.7033536128202D-07  3.760D-08
   24.062500    4.6670353454864D-07  3.731D-08
   24.125000    4.6310888296169D-07  3.703D-08
   24.187500    4.5955093394702D-07  3.674D-08
   24.250000    4.5602922208760D-07  3.646D-08
   24.312500    4.5254328899799D-07  3.618D-08
   24.375000    4.4909268320146D-07  3.591D-08
   24.437500    4.4567696000946D-07  3.563D-08
   24.500000    4.4229568140346D-07  3.536D-08
   24.562500    4.3894841591907D-07  3.509D-08
   24.625000    4.3563473853265D-07  3.483D-08
   24.687500    4.3235423054990D-07  3.457D-08
   24.750000    4.2910647949670D-07  3.431D-08
   24.812500    4.2589107901225D-07  3.405D-08
   24.875000    4.2270762874402D-07  3.380D-08
   24.937500    4.1955573424496D-07  3.354D-08
   25.000000    4.1643500687261D-07  3.329D-08
   25.062500    4.1334506369018D-07  3.305D-08
   25.125000    4.1028552736954D-07  3.280D-08
   25.187500    4.0725602609607D-07  3.256D-08
   25.250000    4.0425619347536D-07  3.232D-08
   25.312500    4.0128566844170D-07  3.208D-08
   25.375000    3.9834409516829D-07  3.185D-08
   25.437500    3.9543112297921D-07  3.161D-08
   25.500000    3.9254640626306D-07  3.138D-08
   25.562500    3.8968960438817D-07  3.116D-08
   25.625000    3.8686038161952D-07  3.093D-08
   25.687500    3.8405840703715D-07  3.071D-08
   25.750000    3.8128335445625D-07  3.048D-08
   25.812500    3.7853490234850D-07  3.026D-08
   25.875000    3.7581273376518D-07  3.005D-08
   25.937500    3.7311653626153D-07  2.983D-08
   26.000000    3.7044600182257D-07  2.962D-08
   26.062500    3.6780082679036D-07  2.941D-08
   26.125000    3.6518071179253D-07  2.920D-08
   26.187500    3.6258536167224D-07  2.899D-08
   26.250000    3.6001448541932D-07  2.878D-08
   26.312500    3.5746779610280D-07  2.858D-08
   26.375000    3.5494501080462D-07  2.838D-08
   26.437500    3.5244585055456D-07  2.818D-08
   26.500000    3.4997004026640D-07  2.798D-08
   26.562500    3.4751730867526D-07  2.778D-08
   26.625000    3.4508738827599D-07  2.759D-08
   26.687500    3.4268001526285D-07  2.740D-08
   26.750000    3.4029492947016D-07  2.721D-08
   26.812500    3.3793187431403D-07  2.702D-08
   26.875000    3.3559059673526D-07  2.683D-08
   26.937500    3.3327084714316D-07  2.665D-08
   27.000000    3.3097237936042D-07  2.646D-08
   27.062500    3.2869495056903D-07  2.628D-08
   27.125000    3.2643832125706D-07  2.610D-08
   27.187500    3.2420225516652D-07  2.592D-08
   27.250000    3.2198651924206D-07  2.574D-08
   27.312500    3.1979088358066D-07  2.557D-08
   27.375000    3.1761512138211D-07  2.539D-08
   27.437500    3.1545900890056D-07  2.522D-08
   27.500000    3.1332232539669D-07  2.505D-08
   27.562500    3.1120485309094D-07  2.488D-08
   27.625000    3.0910637711745D-07  2.471D-08
   27.687500    3.0702668547883D-07  2.455D-08
   27.750000    3.0496556900180D-07  2.438D-08
   27.812500    3.0292282129345D-07  2.422D-08
   27.875000    3.0089823869849D-07  2.406D-08
   27.937500    2.9889162025703D-07  2.390D-08
   28.000000    2.9690276766323D-07  2.374D-08
   28.062500    2.9493148522466D-07  2.358D-08
   28.125000    2.9297757982232D-07  2.342D-08
   28.187500    2.9104086087136D-07  2.327D-08
   28.250000    2.8912114028257D-07  2.312D-08
   28.312500    2.8721823242435D-07  2.296D-08
   28.375000    2.8533195408558D-07  2.281D-08
   28.437500    2.8346212443887D-07  2.266D-08
   28.500000    2.8160856500472D-07  2.251D-08
   28.562500    2.7977109961600D-07  2.237D-08
   28.625000    2.7794955438331D-07  2.222D-08
   28.687500    2.7614375766069D-07  2.208D-08
   28.750000    2.7435354001214D-07  2.193D-08
   28.812500    2.7257873417852D-07  2.179D-08
   28.875000    2.7081917504516D-07  2.165D-08
   28.937500    2.6907469960990D-07  2.151D-08
   29.000000    2.6734514695171D-07  2.137D-08
   29.062500    2.6563035819993D-07  2.124D-08
   29.125000    2.6393017650387D-07  2.110D-08
   29.187500    2.6224444700304D-07  2.097D-08
   29.250000    2.6057301679783D-07  2.083D-08
   29.312500    2.5891573492069D-07  2.070D-08
   29.375000    2.5727245230779D-07  2.057D-08
   29.437500    2.5564302177117D-07  2.044D-08
   29.500000    2.5402729797131D-07  2.031D-08
   29.562500    2.5242513739019D-07  2.018D-08
   29.625000    2.5083639830484D-07  2.005D-08
   29.687500    2.4926094076119D-07  1.993D-08
   29.750000    2.4769862654850D-07  1.980D-08
   29.812500    2.4614931917415D-07  1.968D-08
   29.875000    2.4461288383878D-07  1.956D-08
   29.937500    2.4308918741200D-07  1.944D-08
   30.000000    2.4157809840831D-07  1.931D-08
   30.062500    2.4007948696356D-07  1.919D-08
   30.125000    2.3859322481174D-07  1.908D-08
   30.187500    2.3711918526209D-07  1.896D-08
   30.250000    2.3565724317668D-07  1.884D-08
   30.312500    2.3420727494831D-07  1.873D-08
   30.375000    2.3276915847875D-07  1.861D-08
   30.437500    2.3134277315737D-07  1.850D-08
   30.500000    2.2992799984006D-07  1.838D-08
   30.562500    2.2852472082858D-07  1.827D-08
   30.625000    2.2713281985011D-07  1.816D-08
   30.687500    2.2575218203728D-07  1.805D-08
   30.750000    2.2438269390839D-07  1.794D-08
   30.812500    2.2302424334798D-07  1.783D-08
   30.875000    2.2167671958782D-07  1.772D-08
   30.937500    2.2034001318798D-07  1.762D-08
   31.000000    2.1901401601846D-07  1.751D-08
   31.062500    2.1769862124087D-07  1.741D-08
   31.125000    2.1639372329058D-07  1.730D-08
   31.187500    2.1509921785906D-07  1.720D-08
   31.250000    2.1381500187651D-07  1.709D-08
   31.312500    2.1254097349479D-07  1.699D-08
   31.375000    2.1127703207059D-07  1.689D-08
   31.437500    2.1002307814888D-07  1.679D-08
   31.500000    2.0877901344662D-07  1.669D-08
   31.562500    2.0754474083670D-07  1.659D-08
   31.625000    2.0632016433215D-07  1.650D-08
   31.687500    2.0510518907061D-07  1.640D-08
   31.750000    2.0389972129902D-07  1.630D-08
   31.812500    2.0270366835853D-07  1.621D-08
   31.875000    2.0151693866967D-07  1.611D-08
   31.937500    2.0033944171776D-07  1.602D-08
   32.000000    1.9917108803853D-07  1.592D-08
   32.062500    1.9801178920393D-07  1.583D-08
   32.125000    1.9686145780822D-07  1.574D-08
   32.187500    1.9572000745417D-07  1.565D-08
   32.250000    1.9458735273967D-07  1.556D-08
   32.312500    1.9346340924428D-07  1.547D-08
   32.375000    1.9234809351616D-07  1.538D-08
   32.437500    1.9124132305923D-07  1.529D-08
   32.500000    1.9014301632033D-07  1.520D-08
   32.562500    1.8905309267682D-07  1.511D-08
   32.625000    1.8797147242412D-07  1.503D-08
   32.687500    1.8689807676369D-07  1.494D-08
   32.750000    1.8583282779093D-07  1.486D-08
   32.812500    1.8477564848354D-07  1.477D-08
   32.875000    1.8372646268976D-07  1.469D-08
   32.937500    1.8268519511706D-07  1.461D-08
   33.000000    1.8165177132081D-07  1.452D-08
   33.062500    1.8062611769317D-07  1.444D-08
   33.125000    1.7960816145224D-07  1.436D-08
   33.187500    1.7859783063116D-07  1.428D-08
   33.250000    1.7759505406766D-07  1.420D-08
   33.312500    1.7659976139347D-07  1.412D-08
   33.375000    1.7561188302410D-07  1.404D-08
   33.437500    1.7463135014867D-07  1.396D-08
   33.500000    1.7365809471992D-07  1.388D-08
   33.562500    1.7269204944436D-07  1.381D-08
   33.625000    1.7173314777257D-07  1.373D-08
   33.687500    1.7078132388961D-07  1.365D-08
   33.750000    1.6983651270563D-07  1.358D-08
   33.812500    1.6889864984661D-07  1.350D-08
   33.875000    1.6796767164512D-07  1.343D-08
   33.937500    1.6704351513142D-07  1.336D-08
   34.000000    1.6612611802445D-07  1.328D-08
   34.062500    1.6521541872320D-07  1.321D-08
   34.125000    1.6431135629797D-07  1.314D-08
   34.187500    1.6341387048197D-07  1.307D-08
   34.250000    1.6252290166282D-07  1.299D-08
   34.312500    1.6163839087441D-07  1.292D-08
   34.375000    1.6076027978863D-07  1.285D-08
   34.437500    1.5988851070749D-07  1.278D-08
   34.500000    1.5902302655506D-07  1.271D-08
   34.562500    1.5816377086979D-07  1.265D-08
   34.625000    1.5731068779675D-07  1.258D-08
   34.687500    1.5646372208009D-07  1.251D-08
   34.750000    1.5562281905555D-07  1.244D-08
   34.812500    1.5478792464312D-07  1.238D-08
   34.875000    1.5395898533975D-07  1.231D-08
   34.937500    1.5313594821223D-07  1.224D-08
   35.000000    1.5231876089007D-07  1.218D-08
   35.062500    1.5150737155864D-07  1.211D-08
   35.125000    1.5070172895224D-07  1.205D-08
   35.187500    1.4990178234736D-07  1.198D-08
   35.250000    1.4910748155598D-07  1.192D-08
   35.312500    1.4831877691910D-07  1.186D-08
   35.375000    1.4753561930010D-07  1.180D-08
   35.437500    1.4675796007852D-07  1.173D-08
   35.500000    1.4598575114361D-07  1.167D-08
   35.562500    1.4521894488820D-07  1.161D-08
   35.625000    1.4445749420256D-07  1.155D-08
   35.687500    1.4370135246834D-07  1.149D-08
   35.750000    1.4295047355261D-07  1.143D-08
   35.812500    1.4220481180198D-07  1.137D-08
   35.875000    1.4146432203687D-07  1.131D-08
   35.937500    1.4072895954567D-07  1.125D-08
   36.000000    1.3999868007920D-07  1.119D-08
   36.062500    1.3927343984512D-07  1.113D-08
   36.125000    1.3855319550243D-07  1.108D-08
   36.187500    1.3783790415610D-07  1.102D-08
   36.250000    1.3712752335168D-07  1.096D-08
   36.312500    1.3642201107007D-07  1.091D-08
   36.375000    1.3572132572234D-07  1.085D-08
   36.437500    1.3502542614459D-07  1.080D-08
   36.500000    1.3433427159288D-07  1.074D-08
   36.562500    1.3364782173832D-07  1.069D-08
   36.625000    1.3296603666203D-07  1.063D-08
   36.687500    1.3228887685044D-07  1.058D-08
   36.750000    1.3161630319035D-07  1.052D-08
   36.812500    1.3094827696438D-07  1.047D-08
   36.875000    1.3028475984614D-07  1.042D-08
   36.937500    1.2962571389578D-07  1.036D-08
   37.000000    1.2897110155536D-07  1.031D-08
   37.062500    1.2832088564443D-07  1.026D-08
   37.125000    1.2767502935561D-07  1.021D-08
   37.187500    1.2703349625021D-07  1.016D-08
   37.250000    1.2639625025397D-07  1.011D-08
   37.312500    1.2576325565279D-07  1.005D-08
   37.375000    1.2513447708857D-07  1.000D-08
   37.437500    1.2450987955511D-07  9.955D-09
   37.500000    1.2388942839392D-07  9.905D-09
   37.562500    1.2327308929036D-07  9.856D-09
   37.625000    1.2266082826955D-07  9.807D-09
   37.687500    1.2205261169255D-07  9.758D-09
   37.750000    1.2144840625239D-07  9.710D-09
   37.812500    1.2084817897038D-07  9.662D-09
   37.875000    1.2025189719224D-07  9.614D-09
   37.937500    1.1965952858445D-07  9.567D-09
   38.000000    1.1907104113059D-07  9.520D-09
   38.062500    1.1848640312766D-07  9.473D-09
   38.125000    1.1790558318259D-07  9.427D-09
   38.187500    1.1732855020866D-07  9.380D-09
   38.250000    1.1675527342203D-07  9.335D-09
   38.312500    1.1618572233833D-07  9.289D-09
   38.375000    1.1561986676928D-07  9.244D-09
   38.437500    1.1505767681929D-07  9.199D-09
   38.500000    1.1449912288222D-07  9.154D-09
   38.562500    1.1394417563805D-07  9.110D-09
   38.625000    1.1339280604976D-07  9.066D-09
   38.687500    1.1284498536005D-07  9.022D-09
   38.750000    1.1230068508830D-07  8.979D-09
   38.812500    1.1175987702738D-07  8.935D-09
   38.875000    1.1122253324067D-07  8.892D-09
   38.937500    1.1068862605900D-07  8.850D-09
   39.000000    1.1015812807770D-07  8.807D-09
   39.062500    1.0963101215363D-07  8.765D-09
   39.125000    1.0910725140229D-07  8.723D-09
   39.187500    1.0858681919495D-07  8.682D-09
   39.250000    1.0806968915584D-07  8.640D-09
   39.312500    1.0755583515932D-07  8.599D-09
   39.375000    1.0704523132712D-07  8.558D-09
   39.437500    1.0653785202565D-07  8.518D-09
   39.500000    1.0603367186332D-07  8.477D-09
   39.562500    1.0553266568779D-07  8.437D-09
   39.625000    1.0503480858344D-07  8.398D-09
   39.687500    1.0454007586875D-07  8.358D-09
   39.750000    1.0404844309373D-07  8.319D-09
   39.812500    1.0355988603741D-07  8.280D-09
   39.875000    1.0307438070532D-07  8.241D-09
   39.937500    1.0259190332702D-07  8.202D-09
   40.000000    1.0211243035375D-07  8.164D-09
   40.062500    1.0163593845591D-07  8.126D-09
   40.125000    1.0116240452074D-07  8.088D-09
   40.187500    1.0069180564998D-07  8.050D-09
   40.250000    1.0022411915756D-07  8.013D-09
   40.312500    9.9759322567306D-08  7.976D-09
   40.375000    9.9297393610625D-08  7.939D-09
   40.437500    9.8838310224342D-08  7.902D-09
   40.500000    9.8382050548512D-08  7.866D-09
   40.562500    9.7928592924150D-08  7.829D-09
   40.625000    9.7477915891174D-08  7.793D-09
   40.687500    9.7029998186226D-08  7.758D-09
   40.750000    9.6584818740608D-08  7.722D-09
   40.812500    9.6142356678148D-08  7.687D-09
   40.875000    9.5702591313253D-08  7.651D-09
   40.937500    9.5265502148770D-08  7.617D-09
   41.000000    9.4831068874067D-08  7.582D-09
   41.062500    9.4399271363060D-08  7.547D-09
   41.125000    9.3970089672178D-08  7.513D-09
   41.187500    9.3543504038564D-08  7.479D-09
   41.250000    9.3119494878039D-08  7.445D-09
   41.312500    9.2698042783334D-08  7.411D-09
   41.375000    9.2279128522155D-08  7.378D-09
   41.437500    9.1862733035369D-08  7.344D-09
   41.500000    9.1448837435203D-08  7.311D-09
   41.562500    9.1037423003449D-08  7.278D-09
   41.625000    9.0628471189677D-08  7.246D-09
   41.687500    9.0221963609491D-08  7.213D-09
   41.750000    8.9817882042786D-08  7.181D-09
   41.812500    8.9416208432097D-08  7.149D-09
   41.875000    8.9016924880828D-08  7.117D-09
   41.937500    8.8620013651631D-08  7.085D-09
   42.000000    8.8225457164777D-08  7.054D-09
   42.062500    8.7833237996456D-08  7.022D-09
   42.125000    8.7443338877233D-08  6.991D-09
   42.187500    8.7055742690447D-08  6.960D-09
   42.250000    8.6670432470589D-08  6.929D-09
   42.312500    8.6287391401823D-08  6.899D-09
   42.375000    8.5906602816370D-08  6.868D-09
   42.437500    8.5528050193057D-08  6.838D-09
   42.500000    8.5151717155782D-08  6.808D-09
   42.562500    8.4777587472055D-08  6.778D-09
   42.625000    8.4405645051482D-08  6.748D-09
   42.687500    8.4035873944368D-08  6.719D-09
   42.750000    8.3668258340298D-08  6.689D-09
   42.812500    8.3302782566652D-08  6.660D-09
   42.875000    8.2939431087264D-08  6.631D-09
   42.937500    8.2578188501017D-08  6.602D-09
   43.000000    8.2219039540500D-08  6.573D-09
   43.062500    8.1861969070605D-08  6.545D-09
   43.125000    8.1506962087270D-08  6.517D-09
   43.187500    8.1154003716087D-08  6.488D-09
   43.250000    8.0803079211026D-08  6.460D-09
   43.312500    8.0454173953162D-08  6.432D-09
   43.375000    8.0107273449370D-08  6.405D-09
   43.437500    7.9762363331082D-08  6.377D-09
   43.500000    7.9419429353039D-08  6.350D-09
   43.562500    7.9078457392044D-08  6.322D-09
   43.625000    7.8739433445798D-08  6.295D-09
   43.687500    7.8402343631605D-08  6.268D-09
   43.750000    7.8067174185265D-08  6.242D-09
   43.812500    7.7733911459856D-08  6.215D-09
   43.875000    7.7402541924592D-08  6.188D-09
   43.937500    7.7073052163631D-08  6.162D-09
   44.000000    7.6745428874991D-08  6.136D-09
   44.062500    7.6419658869416D-08  6.110D-09
   44.125000    7.6095729069203D-08  6.084D-09
   44.187500    7.5773626507203D-08  6.058D-09
   44.250000    7.5453338325662D-08  6.033D-09
   44.312500    7.5134851775138D-08  6.007D-09
   44.375000    7.4818154213503D-08  5.982D-09
   44.437500    7.4503233104855D-08  5.957D-09
   44.500000    7.4190076018448D-08  5.932D-09
   44.562500    7.3878670627731D-08  5.907D-09
   44.625000    7.3569004709258D-08  5.882D-09
   44.687500    7.3261066141772D-08  5.857D-09
   44.750000    7.2954842905129D-08  5.833D-09
   44.812500    7.2650323079349D-08  5.808D-09
   44.875000    7.2347494843652D-08  5.784D-09
   44.937500    7.2046346475477D-08  5.760D-09
   45.000000    7.1746866349559D-08  5.736D-09
   45.062500    7.1449042936975D-08  5.712D-09
   45.125000    7.1152864804203D-08  5.689D-09
   45.187500    7.0858320612213D-08  5.665D-09
   45.250000    7.0565399115552D-08  5.642D-09
   45.312500    7.0274089161471D-08  5.618D-09
   45.375000    6.9984379689006D-08  5.595D-09
   45.437500    6.9696259728098D-08  5.572D-09
   45.500000    6.9409718398743D-08  5.549D-09
   45.562500    6.9124744910115D-08  5.527D-09
   45.625000    6.8841328559736D-08  5.504D-09
   45.687500    6.8559458732600D-08  5.481D-09
   45.750000    6.8279124900381D-08  5.459D-09
   45.812500    6.8000316620568D-08  5.437D-09
   45.875000    6.7723023535682D-08  5.414D-09
   45.937500    6.7447235372466D-08  5.392D-09
   46.000000    6.7172941941058D-08  5.371D-09
   46.062500    6.6900133134245D-08  5.349D-09
   46.125000    6.6628798926650D-08  5.327D-09
   46.187500    6.6358929373980D-08  5.305D-09
   46.250000    6.6090514612268D-08  5.284D-09
   46.312500    6.5823544857078D-08  5.263D-09
   46.375000    6.5558010402811D-08  5.241D-09
   46.437500    6.5293901621925D-08  5.220D-09
   46.500000    6.5031208964221D-08  5.199D-09
   46.562500    6.4769922956129D-08  5.178D-09
   46.625000    6.4510034199969D-08  5.158D-09
   46.687500    6.4251533373270D-08  5.137D-09
   46.750000    6.3994411228024D-08  5.116D-09
   46.812500    6.3738658590073D-08  5.096D-09
   46.875000    6.3484266358327D-08  5.076D-09
   46.937500    6.3231225504154D-08  5.055D-09
   47.000000    6.2979527070693D-08  5.035D-09
   47.062500    6.2729162172167D-08  5.015D-09
   47.125000    6.2480121993252D-08  4.995D-09
   47.187500    6.2232397788433D-08  4.976D-09
   47.250000    6.1985980881301D-08  4.956D-09
   47.312500    6.1740862664021D-08  4.936D-09
   47.375000    6.1497034596598D-08  4.917D-09
   47.437500    6.1254488206316D-08  4.897D-09
   47.500000    6.1013215087084D-08  4.878D-09
   47.562500    6.0773206898877D-08  4.859D-09
   47.625000    6.0534455367055D-08  4.840D-09
   47.687500    6.0296952281866D-08  4.821D-09
   47.750000    6.0060689497746D-08  4.802D-09
   47.812500    5.9825658932810D-08  4.783D-09
   47.875000    5.9591852568247D-08  4.764D-09
   47.937500    5.9359262447759D-08  4.746D-09
   48.000000    5.9127880676965D-08  4.727D-09
   48.062500    5.8897699422858D-08  4.709D-09
   48.125000    5.8668710913254D-08  4.691D-09
   48.187500    5.8440907436258D-08  4.672D-09
   48.250000    5.8214281339671D-08  4.654D-09
   48.312500    5.7988825030488D-08  4.636D-09
   48.375000    5.7764530974363D-08  4.618D-09
   48.437500    5.7541391695068D-08  4.600D-09
   48.500000    5.7319399773970D-08  4.583D-09
   48.562500    5.7098547849557D-08  4.565D-09
   48.625000    5.6878828616859D-08  4.547D-09
   48.687500    5.6660234826976D-08  4.530D-09
   48.750000    5.6442759286574D-08  4.513D-09
   48.812500    5.6226394857432D-08  4.495D-09
   48.875000    5.6011134455847D-08  4.478D-09
   48.937500    5.5796971052242D-08  4.461D-09
   49.000000    5.5583897670669D-08  4.444D-09
   49.062500    5.5371907388269D-08  4.427D-09
   49.125000    5.5160993334915D-08  4.410D-09
   49.187500    5.4951148692616D-08  4.393D-09
   49.250000    5.4742366695160D-08  4.377D-09
   49.312500    5.4534640627598D-08  4.360D-09
   49.375000    5.4327963825808D-08  4.344D-09
   49.437500    5.4122329676064D-08  4.327D-09
   49.500000    5.3917731614540D-08  4.311D-09
   49.562500    5.3714163126956D-08  4.294D-09
   49.625000    5.3511617748050D-08  4.278D-09
   49.687500    5.3310089061215D-08  4.262D-09
   49.750000    5.3109570698061D-08  4.246D-09
   49.812500    5.2910056337958D-08  4.230D-09
   49.875000    5.2711539707641D-08  4.214D-09
   49.937500    5.2514014580836D-08  4.199D-09
   50.000000    5.2317474777765D-08  4.183D-09
   50.062500    5.2121914164823D-08  4.167D-09
   50.125000    5.1927326654135D-08  4.152D-09
   50.187500    5.1733706203153D-08  4.136D-09
   50.250000    5.1541046814302D-08  4.121D-09
   50.312500    5.1349342534528D-08  4.105D-09
   50.375000    5.1158587454992D-08  4.090D-09
   50.437500    5.0968775710606D-08  4.075D-09
   50.500000    5.0779901479737D-08  4.060D-09
   50.562500    5.0591958983749D-08  4.045D-09
   50.625000    5.0404942486700D-08  4.030D-09
   50.687500    5.0218846294947D-08  4.015D-09
   50.750000    5.0033664756784D-08  4.000D-09
   50.812500    4.9849392262044D-08  3.985D-09
   50.875000    4.9666023241874D-08  3.971D-09
   50.937500    4.9483552168199D-08  3.956D-09
   51.000000    4.9301973553514D-08  3.942D-09
   51.062500    4.9121281950466D-08  3.927D-09
   51.125000    4.8941471951535D-08  3.913D-09
   51.187500    4.8762538188707D-08  3.899D-09
   51.250000    4.8584475333113D-08  3.884D-09
   51.312500    4.8407278094716D-08  3.870D-09
   51.375000    4.8230941221961D-08  3.856D-09
   51.437500    4.8055459501465D-08  3.842D-09
   51.500000    4.7880827757713D-08  3.828D-09
   51.562500    4.7707040852674D-08  3.814D-09
   51.625000    4.7534093685561D-08  3.800D-09
   51.687500    4.7361981192457D-08  3.787D-09
   51.750000    4.7190698346048D-08  3.773D-09
   51.812500    4.7020240155290D-08  3.759D-09
   51.875000    4.6850601665096D-08  3.746D-09
   51.937500    4.6681777956053D-08  3.732D-09
   52.000000    4.6513764144141D-08  3.719D-09
   52.062500    4.6346555380391D-08  3.705D-09
   52.125000    4.6180146850620D-08  3.692D-09
   52.187500    4.6014533775122D-08  3.679D-09
   52.250000    4.5849711408421D-08  3.666D-09
   52.312500    4.5685675038942D-08  3.653D-09
   52.375000    4.5522419988750D-08  3.640D-09
   52.437500    4.5359941613242D-08  3.627D-09
   52.500000    4.5198235300928D-08  3.614D-09
   52.562500    4.5037296473095D-08  3.601D-09
   52.625000    4.4877120583579D-08  3.588D-09
   52.687500    4.4717703118473D-08  3.575D-09
   52.750000    4.4559039595866D-08  3.563D-09
   52.812500    4.4401125565574D-08  3.550D-09
   52.875000    4.4243956608891D-08  3.537D-09
   52.937500    4.4087528338308D-08  3.525D-09
   53.000000    4.3931836397302D-08  3.512D-09
   53.062500    4.3776876460004D-08  3.500D-09
   53.125000    4.3622644231022D-08  3.488D-09
   53.187500    4.3469135445178D-08  3.475D-09
   53.250000    4.3316345867202D-08  3.463D-09
   53.312500    4.3164271291557D-08  3.451D-09
   53.375000    4.3012907542167D-08  3.439D-09
   53.437500    4.2862250472184D-08  3.427D-09
   53.500000    4.2712295963729D-08  3.415D-09
   53.562500    4.2563039927678D-08  3.403D-09
   53.625000    4.2414478303432D-08  3.391D-09
   53.687500    4.2266607058667D-08  3.379D-09
   53.750000    4.2119422189101D-08  3.367D-09
   53.812500    4.1972919718313D-08  3.356D-09
   53.875000    4.1827095697437D-08  3.344D-09
   53.937500    4.1681946205032D-08  3.332D-09
   54.000000    4.1537467346776D-08  3.321D-09
   54.062500    4.1393655255305D-08  3.309D-09
   54.125000    4.1250506089987D-08  3.298D-09
   54.187500    4.1108016036655D-08  3.287D-09
   54.250000    4.0966181307465D-08  3.275D-09
   54.312500    4.0824998140676D-08  3.264D-09
   54.375000    4.0684462800361D-08  3.253D-09
   54.437500    4.0544571576303D-08  3.242D-09
   54.500000    4.0405320783750D-08  3.230D-09
   54.562500    4.0266706763160D-08  3.219D-09
   54.625000    4.0128725880100D-08  3.208D-09
   54.687500    3.9991374524962D-08  3.197D-09
   54.750000    3.9854649112784D-08  3.186D-09
   54.812500    3.9718546083096D-08  3.176D-09
   54.875000    3.9583061899677D-08  3.165D-09
   54.937500    3.9448193050373D-08  3.154D-09
   55.000000    3.9313936046931D-08  3.143D-09
   55.062500    3.9180287424779D-08  3.132D-09
   55.125000    3.9047243742863D-08  3.122D-09
   55.187500    3.8914801583434D-08  3.111D-09
   55.250000    3.8782957551874D-08  3.101D-09
   55.312500    3.8651708276548D-08  3.090D-09
   55.375000    3.8521050408577D-08  3.080D-09
   55.437500    3.8390980621669D-08  3.069D-09
   55.500000    3.8261495611947D-08  3.059D-09
   55.562500    3.8132592097797D-08  3.049D-09
   55.625000    3.8004266819661D-08  3.038D-09
   55.687500    3.7876516539845D-08  3.028D-09
   55.750000    3.7749338042431D-08  3.018D-09
   55.812500    3.7622728133007D-08  3.008D-09
   55.875000    3.7496683638551D-08  2.998D-09
   55.937500    3.7371201407292D-08  2.988D-09
   56.000000    3.7246278308477D-08  2.978D-09
   56.062500    3.7121911232254D-08  2.968D-09
   56.125000    3.6998097089487D-08  2.958D-09
   56.187500    3.6874832811618D-08  2.948D-09
   56.250000    3.6752115350477D-08  2.938D-09
   56.312500    3.6629941678171D-08  2.929D-09
   56.375000    3.6508308786860D-08  2.919D-09
   56.437500    3.6387213688663D-08  2.909D-09
   56.500000    3.6266653415480D-08  2.900D-09
   56.562500    3.6146625018842D-08  2.890D-09
   56.625000    3.6027125569735D-08  2.880D-09
   56.687500    3.5908152158488D-08  2.871D-09
   56.750000    3.5789701894631D-08  2.861D-09
   56.812500    3.5671771906676D-08  2.852D-09
   56.875000    3.5554359342069D-08  2.843D-09
   56.937500    3.5437461366977D-08  2.833D-09
   57.000000    3.5321075166148D-08  2.824D-09
   57.062500    3.5205197942822D-08  2.815D-09
   57.125000    3.5089826918521D-08  2.805D-09
   57.187500    3.4974959332954D-08  2.796D-09
   57.250000    3.4860592443886D-08  2.787D-09
   57.312500    3.4746723526932D-08  2.778D-09
   57.375000    3.4633349875530D-08  2.769D-09
   57.437500    3.4520468800694D-08  2.760D-09
   57.500000    3.4408077630973D-08  2.751D-09
   57.562500    3.4296173712246D-08  2.742D-09
   57.625000    3.4184754407642D-08  2.733D-09
   57.687500    3.4073817097390D-08  2.724D-09
   57.750000    3.3963359178665D-08  2.715D-09
   57.812500    3.3853378065528D-08  2.707D-09
   57.875000    3.3743871188708D-08  2.698D-09
   57.937500    3.3634835995554D-08  2.689D-09
   58.000000    3.3526269949879D-08  2.680D-09
   58.062500    3.3418170531827D-08  2.672D-09
   58.125000    3.3310535237763D-08  2.663D-09
   58.187500    3.3203361580155D-08  2.655D-09
   58.250000    3.3096647087439D-08  2.646D-09
   58.312500    3.2990389303924D-08  2.638D-09
   58.375000    3.2884585789623D-08  2.629D-09
   58.437500    3.2779234120217D-08  2.621D-09
   58.500000    3.2674331886849D-08  2.612D-09
   58.562500    3.2569876696088D-08  2.604D-09
   58.625000    3.2465866169739D-08  2.596D-09
   58.687500    3.2362297944802D-08  2.587D-09
   58.750000    3.2259169673306D-08  2.579D-09
   58.812500    3.2156479022213D-08  2.571D-09
   58.875000    3.2054223673331D-08  2.563D-09
   58.937500    3.1952401323161D-08  2.555D-09
   59.000000    3.1851009682834D-08  2.547D-09
   59.062500    3.1750046477954D-08  2.538D-09
   59.125000    3.1649509448552D-08  2.530D-09
   59.187500    3.1549396348903D-08  2.522D-09
   59.250000    3.1449704947502D-08  2.514D-09
   59.312500    3.1350433026898D-08  2.506D-09
   59.375000    3.1251578383616D-08  2.499D-09
   59.437500    3.1153138828056D-08  2.491D-09
   59.500000    3.1055112184390D-08  2.483D-09
   59.562500    3.0957496290455D-08  2.475D-09
   59.625000    3.0860288997648D-08  2.467D-09
   59.687500    3.0763488170849D-08  2.460D-09
   59.750000    3.0667091688304D-08  2.452D-09
   59.812500    3.0571097441514D-08  2.444D-09
   59.875000    3.0475503335175D-08  2.437D-09
   59.937500    3.0380307287071D-08  2.429D-09
   60.000000    3.0285507227952D-08  2.421D-09
   60.062500    3.0191101101473D-08  2.414D-09
   60.125000    3.0097086864078D-08  2.406D-09
   60.187500    3.0003462484896D-08  2.399D-09
   60.250000    2.9910225945723D-08  2.391D-09
   60.312500    2.9817375240827D-08  2.384D-09
   60.375000    2.9724908376910D-08  2.377D-09
   60.437500    2.9632823373051D-08  2.369D-09
   60.500000    2.9541118260536D-08  2.362D-09
   60.562500    2.9449791082856D-08  2.355D-09
   60.625000    2.9358839895541D-08  2.347D-09
   60.687500    2.9268262766133D-08  2.340D-09
   60.750000    2.9178057774080D-08  2.333D-09
   60.812500    2.9088223010616D-08  2.326D-09
   60.875000    2.8998756578756D-08  2.318D-09
   60.937500    2.8909656593120D-08  2.311D-09
   61.000000    2.8820921179909D-08  2.304D-09
   61.062500    2.8732548476840D-08  2.297D-09
   61.125000    2.8644536632958D-08  2.290D-09
   61.187500    2.8556883808706D-08  2.283D-09
   61.250000    2.8469588175721D-08  2.276D-09
   61.312500    2.8382647916794D-08  2.269D-09
   61.375000    2.8296061225828D-08  2.262D-09
   61.437500    2.8209826307690D-08  2.255D-09
   61.500000    2.8123941378197D-08  2.249D-09
   61.562500    2.8038404664012D-08  2.242D-09
   61.625000    2.7953214402554D-08  2.235D-09
   61.687500    2.7868368841920D-08  2.228D-09
   61.750000    2.7783866240866D-08  2.221D-09
   61.812500    2.7699704868644D-08  2.215D-09
   61.875000    2.7615883005011D-08  2.208D-09
   61.937500    2.7532398940097D-08  2.201D-09
   62.000000    2.7449250974344D-08  2.195D-09
   62.062500    2.7366437418483D-08  2.188D-09
   62.125000    2.7283956593365D-08  2.181D-09
   62.187500    2.7201806829972D-08  2.175D-09
   62.250000    2.7119986469346D-08  2.168D-09
   62.312500    2.7038493862455D-08  2.162D-09
   62.375000    2.6957327370168D-08  2.155D-09
   62.437500    2.6876485363188D-08  2.149D-09
   62.500000    2.6795966221971D-08  2.142D-09
   62.562500    2.6715768336661D-08  2.136D-09
   62.625000    2.6635890107014D-08  2.130D-09
   62.687500    2.6556329942352D-08  2.123D-09
   62.750000    2.6477086261475D-08  2.117D-09
   62.812500    2.6398157492603D-08  2.111D-09
   62.875000    2.6319542073318D-08  2.104D-09
   62.937500    2.6241238450497D-08  2.098D-09
   63.000000    2.6163245080236D-08  2.092D-09
   63.062500    2.6085560427770D-08  2.086D-09
   63.125000    2.6008182967490D-08  2.079D-09
   63.187500    2.5931111182772D-08  2.073D-09
   63.250000    2.5854343565990D-08  2.067D-09
   63.312500    2.5777878618429D-08  2.061D-09
   63.375000    2.5701714850205D-08  2.055D-09
   63.437500    2.5625850780237D-08  2.049D-09
   63.500000    2.5550284936189D-08  2.043D-09
   63.562500    2.5475015854383D-08  2.037D-09
   63.625000    2.5400042079730D-08  2.031D-09
   63.687500    2.5325362165716D-08  2.025D-09
   63.750000    2.5250974674315D-08  2.019D-09
   63.812500    2.5176878175947D-08  2.013D-09
   63.875000    2.5103071249363D-08  2.007D-09
   63.937500    2.5029552481698D-08  2.001D-09
   64.000000    2.4956320468299D-08  1.995D-09
   64.062500    2.4883373812750D-08  1.989D-09
   64.125000    2.4810711126753D-08  1.984D-09
   64.187500    2.4738331030124D-08  1.978D-09
   64.250000    2.4666232150739D-08  1.972D-09
   64.312500    2.4594413124417D-08  1.966D-09
   64.375000    2.4522872594953D-08  1.961D-09
   64.437500    2.4451609213990D-08  1.955D-09
   64.500000    2.4380621641000D-08  1.949D-09
   64.562500    2.4309908543231D-08  1.944D-09
   64.625000    2.4239468595652D-08  1.938D-09
   64.687500    2.4169300480888D-08  1.932D-09
   64.750000    2.4099402889188D-08  1.927D-09
   64.812500    2.4029774518372D-08  1.921D-09
   64.875000    2.3960414073751D-08  1.916D-09
   64.937500    2.3891320268110D-08  1.910D-09
   65.000000    2.3822491821666D-08  1.905D-09
   65.062500    2.3753927461966D-08  1.899D-09
   65.125000    2.3685625923890D-08  1.894D-09
   65.187500    2.3617585949565D-08  1.888D-09
   65.250000    2.3549806288354D-08  1.883D-09
   65.312500    2.3482285696782D-08  1.877D-09
   65.375000    2.3415022938479D-08  1.872D-09
   65.437500    2.3348016784162D-08  1.867D-09
   65.500000    2.3281266011583D-08  1.861D-09
   65.562500    2.3214769405423D-08  1.856D-09
   65.625000    2.3148525757373D-08  1.851D-09
   65.687500    2.3082533865923D-08  1.845D-09
   65.750000    2.3016792536485D-08  1.840D-09
   65.812500    2.2951300581187D-08  1.835D-09
   65.875000    2.2886056818984D-08  1.830D-09
   65.937500    2.2821060075472D-08  1.825D-09
   66.000000    2.2756309182943D-08  1.819D-09
   66.062500    2.2691802980282D-08  1.814D-09
   66.125000    2.2627540312982D-08  1.809D-09
   66.187500    2.2563520033037D-08  1.804D-09
   66.250000    2.2499740998915D-08  1.799D-09
   66.312500    2.2436202075570D-08  1.794D-09
   66.375000    2.2372902134325D-08  1.789D-09
   66.437500    2.2309840052854D-08  1.784D-09
   66.500000    2.2247014715201D-08  1.779D-09
   66.562500    2.2184425011617D-08  1.774D-09
   66.625000    2.2122069838636D-08  1.769D-09
   66.687500    2.2059948098965D-08  1.764D-09
   66.750000    2.1998058701484D-08  1.759D-09
   66.812500    2.1936400561149D-08  1.754D-09
   66.875000    2.1874972599044D-08  1.749D-09
   66.937500    2.1813773742230D-08  1.744D-09
   67.000000    2.1752802923796D-08  1.739D-09
   67.062500    2.1692059082779D-08  1.734D-09
   67.125000    2.1631541164143D-08  1.729D-09
   67.187500    2.1571248118703D-08  1.725D-09
   67.250000    2.1511178903143D-08  1.720D-09
   67.312500    2.1451332479935D-08  1.715D-09
   67.375000    2.1391707817314D-08  1.710D-09
   67.437500    2.1332303889241D-08  1.706D-09
   67.500000    2.1273119675380D-08  1.701D-09
   67.562500    2.1214154161049D-08  1.696D-09
   67.625000    2.1155406337159D-08  1.691D-09
   67.687500    2.1096875200229D-08  1.687D-09
   67.750000    2.1038559752297D-08  1.682D-09
   67.812500    2.0980459000947D-08  1.677D-09
   67.875000    2.0922571959188D-08  1.673D-09
   67.937500    2.0864897645504D-08  1.668D-09
   68.000000    2.0807435083776D-08  1.664D-09
   68.062500    2.0750183303240D-08  1.659D-09
   68.125000    2.0693141338495D-08  1.654D-09
   68.187500    2.0636308229397D-08  1.650D-09
   68.250000    2.0579683021106D-08  1.645D-09
   68.312500    2.0523264763999D-08  1.641D-09
   68.375000    2.0467052513651D-08  1.636D-09
   68.437500    2.0411045330820D-08  1.632D-09
   68.500000    2.0355242281362D-08  1.627D-09
   68.562500    2.0299642436267D-08  1.623D-09
   68.625000    2.0244244871591D-08  1.619D-09
   68.687500    2.0189048668401D-08  1.614D-09
   68.750000    2.0134052912791D-08  1.610D-09
   68.812500    2.0079256695809D-08  1.605D-09
   68.875000    2.0024659113458D-08  1.601D-09
   68.937500    1.9970259266658D-08  1.597D-09
   69.000000    1.9916056261185D-08  1.592D-09
   69.062500    1.9862049207674D-08  1.588D-09
   69.125000    1.9808237221568D-08  1.584D-09
   69.187500    1.9754619423108D-08  1.579D-09
   69.250000    1.9701194937294D-08  1.575D-09
   69.312500    1.9647962893839D-08  1.571D-09
   69.375000    1.9594922427158D-08  1.567D-09
   69.437500    1.9542072676327D-08  1.562D-09
   69.500000    1.9489412785065D-08  1.558D-09
   69.562500    1.9436941901717D-08  1.554D-09
   69.625000    1.9384659179183D-08  1.550D-09
   69.687500    1.9332563774909D-08  1.546D-09
   69.750000    1.9280654850892D-08  1.541D-09
   69.812500    1.9228931573593D-08  1.537D-09
   69.875000    1.9177393113964D-08  1.533D-09
   69.937500    1.9126038647369D-08  1.529D-09
   70.000000    1.9074867353618D-08  1.525D-09
   70.062500    1.9023878416873D-08  1.521D-09
   70.125000    1.8973071025657D-08  1.517D-09
   70.187500    1.8922444372829D-08  1.513D-09
   70.250000    1.8871997655554D-08  1.509D-09
   70.312500    1.8821730075259D-08  1.505D-09
   70.375000    1.8771640837626D-08  1.501D-09
   70.437500    1.8721729152554D-08  1.497D-09
   70.500000    1.8671994234160D-08  1.493D-09
   70.562500    1.8622435300681D-08  1.489D-09
   70.625000    1.8573051574571D-08  1.485D-09
   70.687500    1.8523842282320D-08  1.481D-09
   70.750000    1.8474806654588D-08  1.477D-09
   70.812500    1.8425943926047D-08  1.473D-09
   70.875000    1.8377253335439D-08  1.469D-09
   70.937500    1.8328734125509D-08  1.465D-09
   71.000000    1.8280385543025D-08  1.462D-09
   71.062500    1.8232206838681D-08  1.458D-09
   71.125000    1.8184197267148D-08  1.454D-09
   71.187500    1.8136356087001D-08  1.450D-09
   71.250000    1.8088682560716D-08  1.446D-09
   71.312500    1.8041175954639D-08  1.442D-09
   71.375000    1.7993835538969D-08  1.439D-09
   71.437500    1.7946660587736D-08  1.435D-09
   71.500000    1.7899650378752D-08  1.431D-09
   71.562500    1.7852804193614D-08  1.427D-09
   71.625000    1.7806121317698D-08  1.424D-09
   71.687500    1.7759601040069D-08  1.420D-09
   71.750000    1.7713242653548D-08  1.416D-09
   71.812500    1.7667045454608D-08  1.412D-09
   71.875000    1.7621008743405D-08  1.409D-09
   71.937500    1.7575131823735D-08  1.405D-09
   72.000000    1.7529414003006D-08  1.401D-09
   72.062500    1.7483854592241D-08  1.398D-09
   72.125000    1.7438452906013D-08  1.394D-09
   72.187500    1.7393208262476D-08  1.391D-09
   72.250000    1.7348119983323D-08  1.387D-09
   72.312500    1.7303187393714D-08  1.383D-09
   72.375000    1.7258409822354D-08  1.380D-09
   72.437500    1.7213786601387D-08  1.376D-09
   72.500000    1.7169317066406D-08  1.373D-09
   72.562500    1.7125000556459D-08  1.369D-09
   72.625000    1.7080836413964D-08  1.366D-09
   72.687500    1.7036823984749D-08  1.362D-09
   72.750000    1.6992962618014D-08  1.359D-09
   72.812500    1.6949251666293D-08  1.355D-09
   72.875000    1.6905690485445D-08  1.352D-09
   72.937500    1.6862278434652D-08  1.348D-09
   73.000000    1.6819014876359D-08  1.345D-09
   73.062500    1.6775899176287D-08  1.341D-09
   73.125000    1.6732930703431D-08  1.338D-09
   73.187500    1.6690108829990D-08  1.334D-09
   73.250000    1.6647432931353D-08  1.331D-09
   73.312500    1.6604902386135D-08  1.328D-09
   73.375000    1.6562516576107D-08  1.324D-09
   73.437500    1.6520274886195D-08  1.321D-09
   73.500000    1.6478176704452D-08  1.317D-09
   73.562500    1.6436221422064D-08  1.314D-09
   73.625000    1.6394408433275D-08  1.311D-09
   73.687500    1.6352737135457D-08  1.307D-09
   73.750000    1.6311206928995D-08  1.304D-09
   73.812500    1.6269817217364D-08  1.301D-09
   73.875000    1.6228567407003D-08  1.297D-09
   73.937500    1.6187456907419D-08  1.294D-09
   74.000000    1.6146485131058D-08  1.291D-09
   74.062500    1.6105651493375D-08  1.288D-09
   74.125000    1.6064955412747D-08  1.284D-09
   74.187500    1.6024396310493D-08  1.281D-09
   74.250000    1.5983973610876D-08  1.278D-09
   74.312500    1.5943686741028D-08  1.275D-09
   74.375000    1.5903535130979D-08  1.271D-09
   74.437500    1.5863518213636D-08  1.268D-09
   74.500000    1.5823635424722D-08  1.265D-09
   74.562500    1.5783886202838D-08  1.262D-09
   74.625000    1.5744269989375D-08  1.259D-09
   74.687500    1.5704786228531D-08  1.256D-09
   74.750000    1.5665434367293D-08  1.252D-09
   74.812500    1.5626213855405D-08  1.249D-09
   74.875000    1.5587124145368D-08  1.246D-09
   74.937500    1.5548164692412D-08  1.243D-09
   75.000000    1.5509334954525D-08  1.240D-09
   75.062500    1.5470634392341D-08  1.237D-09
   75.125000    1.5432062469214D-08  1.234D-09
   75.187500    1.5393618651182D-08  1.231D-09
   75.250000    1.5355302406904D-08  1.228D-09
   75.312500    1.5317113207723D-08  1.225D-09
   75.375000    1.5279050527571D-08  1.222D-09
   75.437500    1.5241113843024D-08  1.219D-09
   75.500000    1.5203302633233D-08  1.216D-09
   75.562500    1.5165616379925D-08  1.212D-09
   75.625000    1.5128054567413D-08  1.209D-09
   75.687500    1.5090616682549D-08  1.207D-09
   75.750000    1.5053302214721D-08  1.204D-09
   75.812500    1.5016110655846D-08  1.201D-09
   75.875000    1.4979041500354D-08  1.198D-09
   75.937500    1.4942094245153D-08  1.195D-09
   76.000000    1.4905268389641D-08  1.192D-09
   76.062500    1.4868563435669D-08  1.189D-09
   76.125000    1.4831978887543D-08  1.186D-09
   76.187500    1.4795514252023D-08  1.183D-09
   76.250000    1.4759169038260D-08  1.180D-09
   76.312500    1.4722942757838D-08  1.177D-09
   76.375000    1.4686834924720D-08  1.174D-09
   76.437500    1.4650845055286D-08  1.171D-09
   76.500000    1.4614972668215D-08  1.168D-09
   76.562500    1.4579217284615D-08  1.166D-09
   76.625000    1.4543578427888D-08  1.163D-09
   76.687500    1.4508055623760D-08  1.160D-09
   76.750000    1.4472648400313D-08  1.157D-09
   76.812500    1.4437356287890D-08  1.154D-09
   76.875000    1.4402178819142D-08  1.151D-09
   76.937500    1.4367115528980D-08  1.149D-09
   77.000000    1.4332165954589D-08  1.146D-09
   77.062500    1.4297329635401D-08  1.143D-09
   77.125000    1.4262606113074D-08  1.140D-09
   77.187500    1.4227994931512D-08  1.138D-09
   77.250000    1.4193495636797D-08  1.135D-09
   77.312500    1.4159107777258D-08  1.132D-09
   77.375000    1.4124830903353D-08  1.129D-09
   77.437500    1.4090664567762D-08  1.127D-09
   77.500000    1.4056608325294D-08  1.124D-09
   77.562500    1.4022661732922D-08  1.121D-09
   77.625000    1.3988824349758D-08  1.118D-09
   77.687500    1.3955095737042D-08  1.116D-09
   77.750000    1.3921475458117D-08  1.113D-09
   77.812500    1.3887963078417D-08  1.110D-09
   77.875000    1.3854558165505D-08  1.108D-09
   77.937500    1.3821260288973D-08  1.105D-09
   78.000000    1.3788069020530D-08  1.102D-09
   78.062500    1.3754983933891D-08  1.100D-09
   78.125000    1.3722004604850D-08  1.097D-09
   78.187500    1.3689130611208D-08  1.094D-09
   78.250000    1.3656361532821D-08  1.092D-09
   78.312500    1.3623696951504D-08  1.089D-09
   78.375000    1.3591136451126D-08  1.087D-09
   78.437500    1.3558679617491D-08  1.084D-09
   78.500000    1.3526326038421D-08  1.081D-09
   78.562500    1.3494075303673D-08  1.079D-09
   78.625000    1.3461927004975D-08  1.076D-09
   78.687500    1.3429880735999D-08  1.074D-09
   78.750000    1.3397936092330D-08  1.071D-09
   78.812500    1.3366092671485D-08  1.069D-09
   78.875000    1.3334350072917D-08  1.066D-09
   78.937500    1.3302707897950D-08  1.064D-09
   79.000000    1.3271165749797D-08  1.061D-09
   79.062500    1.3239723233555D-08  1.059D-09
   79.125000    1.3208379956208D-08  1.056D-09
   79.187500    1.3177135526577D-08  1.054D-09
   79.250000    1.3145989555345D-08  1.051D-09
   79.312500    1.3114941655031D-08  1.049D-09
   79.375000    1.3083991439957D-08  1.046D-09
   79.437500    1.3053138526319D-08  1.044D-09
   79.500000    1.3022382532066D-08  1.041D-09
   79.562500    1.2991723076958D-08  1.039D-09
   79.625000    1.2961159782583D-08  1.036D-09
   79.687500    1.2930692272245D-08  1.034D-09
   79.750000    1.2900320171073D-08  1.031D-09
   79.812500    1.2870043105925D-08  1.029D-09
   79.875000    1.2839860705401D-08  1.027D-09
   79.937500    1.2809772599865D-08  1.024D-09
   80.000000    1.2779778421408D-08  1.022D-09
   80.062500    1.2749877803830D-08  1.019D-09
   80.125000    1.2720070382644D-08  1.017D-09
   80.187500    1.2690355795068D-08  1.015D-09
   80.250000    1.2660733680015D-08  1.012D-09
   80.312500    1.2631203678088D-08  1.010D-09
   80.375000    1.2601765431559D-08  1.008D-09
   80.437500    1.2572418584358D-08  1.005D-09
   80.500000    1.2543162782068D-08  1.003D-09
   80.562500    1.2513997671955D-08  1.001D-09
   80.625000    1.2484922902881D-08  9.982D-10
   80.687500    1.2455938125326D-08  9.959D-10
   80.750000    1.2427042991489D-08  9.935D-10
   80.812500    1.2398237155078D-08  9.912D-10
   80.875000    1.2369520271435D-08  9.890D-10
   80.937500    1.2340891997497D-08  9.867D-10
   81.000000    1.2312351991809D-08  9.844D-10
   81.062500    1.2283899914464D-08  9.821D-10
   81.125000    1.2255535427126D-08  9.798D-10
   81.187500    1.2227258193043D-08  9.776D-10
   81.250000    1.2199067877011D-08  9.753D-10
   81.312500    1.2170964145336D-08  9.731D-10
   81.375000    1.2142946665910D-08  9.708D-10
   81.437500    1.2115015108110D-08  9.686D-10
   81.500000    1.2087169142861D-08  9.664D-10
   81.562500    1.2059408442576D-08  9.642D-10
   81.625000    1.2031732681190D-08  9.619D-10
   81.687500    1.2004141534126D-08  9.597D-10
   81.750000    1.1976634678307D-08  9.575D-10
   81.812500    1.1949211792093D-08  9.553D-10
   81.875000    1.1921872555368D-08  9.532D-10
   81.937500    1.1894616649442D-08  9.510D-10
   82.000000    1.1867443757115D-08  9.488D-10
   82.062500    1.1840353562585D-08  9.466D-10
   82.125000    1.1813345751541D-08  9.445D-10
   82.187500    1.1786420011085D-08  9.423D-10
   82.250000    1.1759576029720D-08  9.402D-10
   82.312500    1.1732813497416D-08  9.380D-10
   82.375000    1.1706132105492D-08  9.359D-10
   82.437500    1.1679531546734D-08  9.338D-10
   82.500000    1.1653011515269D-08  9.317D-10
   82.562500    1.1626571706649D-08  9.296D-10
   82.625000    1.1600211817783D-08  9.274D-10
   82.687500    1.1573931546955D-08  9.253D-10
   82.750000    1.1547730593830D-08  9.232D-10
   82.812500    1.1521608659414D-08  9.212D-10
   82.875000    1.1495565446068D-08  9.191D-10
   82.937500    1.1469600657529D-08  9.170D-10
   83.000000    1.1443713998807D-08  9.149D-10
   83.062500    1.1417905176299D-08  9.129D-10
   83.125000    1.1392173897699D-08  9.108D-10
   83.187500    1.1366519872016D-08  9.088D-10
   83.250000    1.1340942809590D-08  9.067D-10
   83.312500    1.1315442422031D-08  9.047D-10
   83.375000    1.1290018422268D-08  9.026D-10
   83.437500    1.1264670524520D-08  9.006D-10
   83.500000    1.1239398444267D-08  8.986D-10
   83.562500    1.1214201898282D-08  8.966D-10
   83.625000    1.1189080604607D-08  8.946D-10
   83.687500    1.1164034282528D-08  8.926D-10
   83.750000    1.1139062652616D-08  8.906D-10
   83.812500    1.1114165436660D-08  8.886D-10
   83.875000    1.1089342357708D-08  8.866D-10
   83.937500    1.1064593140042D-08  8.846D-10
   84.000000    1.1039917509175D-08  8.826D-10
   84.062500    1.1015315191843D-08  8.807D-10
   84.125000    1.0990785915991D-08  8.787D-10
   84.187500    1.0966329410785D-08  8.768D-10
   84.250000    1.0941945406587D-08  8.748D-10
   84.312500    1.0917633634958D-08  8.729D-10
   84.375000    1.0893393828654D-08  8.709D-10
   84.437500    1.0869225721606D-08  8.690D-10
   84.500000    1.0845129048951D-08  8.671D-10
   84.562500    1.0821103546978D-08  8.652D-10
   84.625000    1.0797148953136D-08  8.632D-10
   84.687500    1.0773265006045D-08  8.613D-10
   84.750000    1.0749451445499D-08  8.594D-10
   84.812500    1.0725708012405D-08  8.575D-10
   84.875000    1.0702034448843D-08  8.556D-10
   84.937500    1.0678430498015D-08  8.537D-10
   85.000000    1.0654895904263D-08  8.519D-10
   85.062500    1.0631430413040D-08  8.500D-10
   85.125000    1.0608033770947D-08  8.481D-10
   85.187500    1.0584705725662D-08  8.463D-10
   85.250000    1.0561446026011D-08  8.444D-10
   85.312500    1.0538254421884D-08  8.425D-10
   85.375000    1.0515130664297D-08  8.407D-10
   85.437500    1.0492074505353D-08  8.388D-10
   85.500000    1.0469085698231D-08  8.370D-10
   85.562500    1.0446163997200D-08  8.352D-10
   85.625000    1.0423309157601D-08  8.333D-10
   85.687500    1.0400520935833D-08  8.315D-10
   85.750000    1.0377799089377D-08  8.297D-10
   85.812500    1.0355143376759D-08  8.279D-10
   85.875000    1.0332553557579D-08  8.261D-10
   85.937500    1.0310029392452D-08  8.243D-10
   86.000000    1.0287570643070D-08  8.225D-10
   86.062500    1.0265177072128D-08  8.207D-10
   86.125000    1.0242848443399D-08  8.189D-10
   86.187500    1.0220584521622D-08  8.171D-10
   86.250000    1.0198385072612D-08  8.154D-10
   86.312500    1.0176249863175D-08  8.136D-10
   86.375000    1.0154178661122D-08  8.118D-10
   86.437500    1.0132171235304D-08  8.101D-10
   86.500000    1.0110227355526D-08  8.083D-10
   86.562500    1.0088346792622D-08  8.066D-10
   86.625000    1.0066529318403D-08  8.048D-10
   86.687500    1.0044774705676D-08  8.031D-10
   86.750000    1.0023082728211D-08  8.014D-10
   86.812500    1.0001453160784D-08  7.996D-10
   86.875000    9.9798857791257D-09  7.979D-10
   86.937500    9.9583803599101D-09  7.962D-10
   87.000000    9.9369366808267D-09  7.945D-10
   87.062500    9.9155545204599D-09  7.928D-10
   87.125000    9.8942336583858D-09  7.910D-10
   87.187500    9.8729738751235D-09  7.893D-10
   87.250000    9.8517749521234D-09  7.877D-10
   87.312500    9.8306366717789D-09  7.860D-10
   87.375000    9.8095588174147D-09  7.843D-10
   87.437500    9.7885411732863D-09  7.826D-10
   87.500000    9.7675835245806D-09  7.809D-10
   87.562500    9.7466856573793D-09  7.793D-10
   87.625000    9.7258473586950D-09  7.776D-10
   87.687500    9.7050684164595D-09  7.759D-10
   87.750000    9.6843486194874D-09  7.743D-10
   87.812500    9.6636877575242D-09  7.726D-10
   87.875000    9.6430856211740D-09  7.710D-10
   87.937500    9.6225420019601D-09  7.693D-10
   88.000000    9.6020566922764D-09  7.677D-10
   88.062500    9.5816294854236D-09  7.661D-10
   88.125000    9.5612601755731D-09  7.644D-10
   88.187500    9.5409485577308D-09  7.628D-10
   88.250000    9.5206944278458D-09  7.612D-10
   88.312500    9.5004975826650D-09  7.596D-10
   88.375000    9.4803578198307D-09  7.580D-10
   88.437500    9.4602749378311D-09  7.564D-10
   88.500000    9.4402487360377D-09  7.548D-10
   88.562500    9.4202790146075D-09  7.532D-10
   88.625000    9.4003655746170D-09  7.516D-10
   88.687500    9.3805082179162D-09  7.500D-10
   88.750000    9.3607067472504D-09  7.484D-10
   88.812500    9.3409609661385D-09  7.468D-10
   88.875000    9.3212706789702D-09  7.452D-10
   88.937500    9.3016356909454D-09  7.437D-10
   89.000000    9.2820558080984D-09  7.421D-10
   89.062500    9.2625308372375D-09  7.405D-10
   89.125000    9.2430605860293D-09  7.390D-10
   89.187500    9.2236448629148D-09  7.374D-10
   89.250000    9.2042834771690D-09  7.359D-10
   89.312500    9.1849762388532D-09  7.343D-10
   89.375000    9.1657229588146D-09  7.328D-10
   89.437500    9.1465234486986D-09  7.313D-10
   89.500000    9.1273775209485D-09  7.297D-10
   89.562500    9.1082849887820D-09  7.282D-10
   89.625000    9.0892456662023D-09  7.267D-10
   89.687500    9.0702593679871D-09  7.252D-10
   89.750000    9.0513259096876D-09  7.237D-10
   89.812500    9.0324451076291D-09  7.221D-10
   89.875000    9.0136167788989D-09  7.206D-10
   89.937500    8.9948407413339D-09  7.191D-10
   90.000000    8.9761168135450D-09  7.176D-10
   90.062500    8.9574448149049D-09  7.162D-10
   90.125000    8.9388245655120D-09  7.147D-10
   90.187500    8.9202558862386D-09  7.132D-10
   90.250000    8.9017385986826D-09  7.117D-10
   90.312500    8.8832725251675D-09  7.102D-10
   90.375000    8.8648574888027D-09  7.088D-10
   90.437500    8.8464933133751D-09  7.073D-10
   90.500000    8.8281798234453D-09  7.058D-10
   90.562500    8.8099168442754D-09  7.044D-10
   90.625000    8.7917042018532D-09  7.029D-10
   90.687500    8.7735417228798D-09  7.014D-10
   90.750000    8.7554292347821D-09  7.000D-10
   90.812500    8.7373665657003D-09  6.986D-10
   90.875000    8.7193535444762D-09  6.971D-10
   90.937500    8.7013900006649D-09  6.957D-10
   91.000000    8.6834757644989D-09  6.942D-10
   91.062500    8.6656106669483D-09  6.928D-10
   91.125000    8.6477945396363D-09  6.914D-10
   91.187500    8.6300272149238D-09  6.900D-10
   91.250000    8.6123085258125D-09  6.886D-10
   91.312500    8.5946383060298D-09  6.871D-10
   91.375000    8.5770163899442D-09  6.857D-10
   91.437500    8.5594426126496D-09  6.843D-10
   91.500000    8.5419168098689D-09  6.829D-10
   91.562500    8.5244388180262D-09  6.815D-10
   91.625000    8.5070084742230D-09  6.801D-10
   91.687500    8.4896256161776D-09  6.788D-10
   91.750000    8.4722900823339D-09  6.774D-10
   91.812500    8.4550017117525D-09  6.760D-10
   91.875000    8.4377603441591D-09  6.746D-10
   91.937500    8.4205658199447D-09  6.732D-10
   92.000000    8.4034179801290D-09  6.719D-10
   92.062500    8.3863166664091D-09  6.705D-10
   92.125000    8.3692617210866D-09  6.691D-10
   92.187500    8.3522529871406D-09  6.678D-10
   92.250000    8.3352903081667D-09  6.664D-10
   92.312500    8.3183735284016D-09  6.651D-10
   92.375000    8.3015024926987D-09  6.637D-10
   92.437500    8.2846770465888D-09  6.624D-10
   92.500000    8.2678970361589D-09  6.610D-10
   92.562500    8.2511623081733D-09  6.597D-10
   92.625000    8.2344727099887D-09  6.584D-10
   92.687500    8.2178280895909D-09  6.570D-10
   92.750000    8.2012282955703D-09  6.557D-10
   92.812500    8.1846731771463D-09  6.544D-10
   92.875000    8.1681625841186D-09  6.530D-10
   92.937500    8.1516963669158D-09  6.517D-10
   93.000000    8.1352743765593D-09  6.504D-10
   93.062500    8.1188964646749D-09  6.491D-10
   93.125000    8.1025624834814D-09  6.478D-10
   93.187500    8.0862722857897D-09  6.465D-10
   93.250000    8.0700257249916D-09  6.452D-10
   93.312500    8.0538226551076D-09  6.439D-10
   93.375000    8.0376629307024D-09  6.426D-10
   93.437500    8.0215464069335D-09  6.413D-10
   93.500000    8.0054729395630D-09  6.400D-10
   93.562500    7.9894423848849D-09  6.388D-10
   93.625000    7.9734545998224D-09  6.375D-10
   93.687500    7.9575094418186D-09  6.362D-10
   93.750000    7.9416067689214D-09  6.349D-10
   93.812500    7.9257464397349D-09  6.337D-10
   93.875000    7.9099283134316D-09  6.324D-10
   93.937500    7.8941522497285D-09  6.311D-10
   94.000000    7.8784181089227D-09  6.299D-10
   94.062500    7.8627257518679D-09  6.286D-10
   94.125000    7.8470750399500D-09  6.274D-10
   94.187500    7.8314658351231D-09  6.261D-10
   94.250000    7.8158979998977D-09  6.249D-10
   94.312500    7.8003713973045D-09  6.236D-10
   94.375000    7.7848858909424D-09  6.224D-10
   94.437500    7.7694413449306D-09  6.212D-10
   94.500000    7.7540376239564D-09  6.199D-10
   94.562500    7.7386745932032D-09  6.187D-10
   94.625000    7.7233521184229D-09  6.175D-10
   94.687500    7.7080700658872D-09  6.163D-10
   94.750000    7.6928283023879D-09  6.150D-10
   94.812500    7.6776266952492D-09  6.138D-10
   94.875000    7.6624651123393D-09  6.126D-10
   94.937500    7.6473434219981D-09  6.114D-10
   95.000000    7.6322614931339D-09  6.102D-10
   95.062500    7.6172191951632D-09  6.090D-10
   95.125000    7.6022163979860D-09  6.078D-10
   95.187500    7.5872529720346D-09  6.066D-10
   95.250000    7.5723287882734D-09  6.054D-10
   95.312500    7.5574437181263D-09  6.042D-10
   95.375000    7.5425976335616D-09  6.030D-10
   95.437500    7.5277904070435D-09  6.019D-10
   95.500000    7.5130219115197D-09  6.007D-10
   95.562500    7.4982920204462D-09  5.995D-10
   95.625000    7.4836006077625D-09  5.983D-10
   95.687500    7.4689475479405D-09  5.971D-10
   95.750000    7.4543327158993D-09  5.960D-10
   95.812500    7.4397559870664D-09  5.948D-10
   95.875000    7.4252172373526D-09  5.937D-10
   95.937500    7.4107163431649D-09  5.925D-10
   96.000000    7.3962531813577D-09  5.913D-10
   96.062500    7.3818276293174D-09  5.902D-10
   96.125000    7.3674395648662D-09  5.890D-10
   96.187500    7.3530888663217D-09  5.879D-10
   96.250000    7.3387754124735D-09  5.867D-10
   96.312500    7.3244990825708D-09  5.856D-10
   96.375000    7.3102597563585D-09  5.845D-10
   96.437500    7.2960573140049D-09  5.833D-10
   96.500000    7.2818916361863D-09  5.822D-10
   96.562500    7.2677626040264D-09  5.811D-10
   96.625000    7.2536700991087D-09  5.799D-10
   96.687500    7.2396140034761D-09  5.788D-10
   96.750000    7.2255941996191D-09  5.777D-10
   96.812500    7.2116105704998D-09  5.766D-10
   96.875000    7.1976629995279D-09  5.755D-10
   96.937500    7.1837513705485D-09  5.743D-10
   97.000000    7.1698755678783D-09  5.732D-10
   97.062500    7.1560354762696D-09  5.721D-10
   97.125000    7.1422309809220D-09  5.710D-10
   97.187500    7.1284619674706D-09  5.699D-10
   97.250000    7.1147283219859D-09  5.688D-10
   97.312500    7.1010299310102D-09  5.677D-10
   97.375000    7.0873666814726D-09  5.666D-10
   97.437500    7.0737384607863D-09  5.655D-10
   97.500000    7.0601451567633D-09  5.645D-10
   97.562500    7.0465866576512D-09  5.634D-10
   97.625000    7.0330628521452D-09  5.623D-10
   97.687500    7.0195736293514D-09  5.612D-10
   97.750000    7.0061188787997D-09  5.601D-10
   97.812500    6.9926984904549D-09  5.591D-10
   97.875000    6.9793123546934D-09  5.580D-10
   97.937500    6.9659603623027D-09  5.569D-10
   98.000000    6.9526424045178D-09  5.559D-10
   98.062500    6.9393583729486D-09  5.548D-10
   98.125000    6.9261081596526D-09  5.537D-10
   98.187500    6.9128916570985D-09  5.527D-10
   98.250000    6.8997087581300D-09  5.516D-10
   98.312500    6.8865593560381D-09  5.506D-10
   98.375000    6.8734433445012D-09  5.495D-10
   98.437500    6.8603606175964D-09  5.485D-10
   98.500000    6.8473110698245D-09  5.474D-10
   98.562500    6.8342945960732D-09  5.464D-10
   98.625000    6.8213110916414D-09  5.454D-10
   98.687500    6.8083604522029D-09  5.443D-10
   98.750000    6.7954425738430D-09  5.433D-10
   98.812500    6.7825573530336D-09  5.423D-10
   98.875000    6.7697046866582D-09  5.412D-10
   98.937500    6.7568844719752D-09  5.402D-10
   99.000000    6.7440966066178D-09  5.392D-10
   99.062500    6.7313409886305D-09  5.382D-10
   99.125000    6.7186175164449D-09  5.372D-10
   99.187500    6.7059260888554D-09  5.361D-10
   99.250000    6.6932666050555D-09  5.351D-10
   99.312500    6.6806389646017D-09  5.341D-10
   99.375000    6.6680430674495D-09  5.331D-10
   99.437500    6.6554788139052D-09  5.321D-10
   99.500000    6.6429461046985D-09  5.311D-10
   99.562500    6.6304448408734D-09  5.301D-10
   99.625000    6.6179749238854D-09  5.291D-10
   99.687500    6.6055362555526D-09  5.281D-10
   99.750000    6.5931287380441D-09  5.271D-10
   99.812500    6.5807522739279D-09  5.261D-10
   99.875000    6.5684067661108D-09  5.251D-10
   99.937500    6.5560921178625D-09  5.242D-10
  100.000000    6.5438082328397D-09  5.232D-10
  100.062500    6.5315550150498D-09  5.222D-10
  100.125000    6.5193323688389D-09  5.212D-10
  100.187500    6.5071401989404D-09  5.202D-10
  100.250000    6.4949784104259D-09  5.193D-10
  100.312500    6.4828469087302D-09  5.183D-10
  100.375000    6.4707455996146D-09  5.173D-10
  100.437500    6.4586743892516D-09  5.164D-10
  100.500000    6.4466331840920D-09  5.154D-10
  100.562500    6.4346218909977D-09  5.145D-10
  100.625000    6.4226404171210D-09  5.135D-10
  100.687500    6.4106886700132D-09  5.125D-10
  100.750000    6.3987665575282D-09  5.116D-10
  100.812500    6.3868739878826D-09  5.106D-10
  100.875000    6.3750108696318D-09  5.097D-10
  100.937500    6.3631771116577D-09  5.087D-10
  101.000000    6.3513726232050D-09  5.078D-10
  101.062500    6.3395973138330D-09  5.069D-10
  101.125000    6.3278510934517D-09  5.059D-10
  101.187500    6.3161338722856D-09  5.050D-10
  101.250000    6.3044455609100D-09  5.040D-10
  101.312500    6.2927860702146D-09  5.031D-10
  101.375000    6.2811553114280D-09  5.022D-10
  101.437500    6.2695531961293D-09  5.013D-10
  101.500000    6.2579796361638D-09  5.003D-10
  101.562500    6.2464345437759D-09  4.994D-10
  101.625000    6.2349178314885D-09  4.985D-10
  101.687500    6.2234294121264D-09  4.976D-10
  101.750000    6.2119691988776D-09  4.967D-10
  101.812500    6.2005371052446D-09  4.957D-10
  101.875000    6.1891330450442D-09  4.948D-10
  101.937500    6.1777569323837D-09  4.939D-10
  102.000000    6.1664086817209D-09  4.930D-10
  102.062500    6.1550882078163D-09  4.921D-10
  102.125000    6.1437954257325D-09  4.912D-10
  102.187500    6.1325302508590D-09  4.903D-10
  102.250000    6.1212925988874D-09  4.894D-10
  102.312500    6.1100823858119D-09  4.885D-10
  102.375000    6.0988995279532D-09  4.876D-10
  102.437500    6.0877439419101D-09  4.867D-10
  102.500000    6.0766155446203D-09  4.858D-10
  102.562500    6.0655142532996D-09  4.849D-10
  102.625000    6.0544399854660D-09  4.841D-10
  102.687500    6.0433926589524D-09  4.832D-10
  102.750000    6.0323721918817D-09  4.823D-10
  102.812500    6.0213785026792D-09  4.814D-10
  102.875000    6.0104115100605D-09  4.805D-10
  102.937500    5.9994711330560D-09  4.797D-10
  103.000000    5.9885572909738D-09  4.788D-10
  103.062500    5.9776699034128D-09  4.779D-10
  103.125000    5.9668088902617D-09  4.770D-10
  103.187500    5.9559741717363D-09  4.762D-10
  103.250000    5.9451656682939D-09  4.753D-10
  103.312500    5.9343833006944D-09  4.745D-10
  103.375000    5.9236269900122D-09  4.736D-10
  103.437500    5.9128966575635D-09  4.727D-10
  103.500000    5.9021922249912D-09  4.719D-10
  103.562500    5.8915136142044D-09  4.710D-10
  103.625000    5.8808607473779D-09  4.702D-10
  103.687500    5.8702335469894D-09  4.693D-10
  103.750000    5.8596319357825D-09  4.685D-10
  103.812500    5.8490558368031D-09  4.676D-10
  103.875000    5.8385051733512D-09  4.668D-10
  103.937500    5.8279798690050D-09  4.660D-10
  104.000000    5.8174798476331D-09  4.651D-10
  104.062500    5.8070050333580D-09  4.643D-10
  104.125000    5.7965553506047D-09  4.634D-10
  104.187500    5.7861307240278D-09  4.626D-10
  104.250000    5.7757310785967D-09  4.618D-10
  104.312500    5.7653563395225D-09  4.609D-10
  104.375000    5.7550064322947D-09  4.601D-10
  104.437500    5.7446812826565D-09  4.593D-10
  104.500000    5.7343808166417D-09  4.585D-10
  104.562500    5.7241049605260D-09  4.576D-10
  104.625000    5.7138536408632D-09  4.568D-10
  104.687500    5.7036267844732D-09  4.560D-10
  104.750000    5.6934243184300D-09  4.552D-10
  104.812500    5.6832461700495D-09  4.544D-10
  104.875000    5.6730922669500D-09  4.536D-10
  104.937500    5.6629625369796D-09  4.528D-10
  105.000000    5.6528569082284D-09  4.519D-10
  105.062500    5.6427753090887D-09  4.511D-10
  105.125000    5.6327176681830D-09  4.503D-10
  105.187500    5.6226839143633D-09  4.495D-10
  105.250000    5.6126739767841D-09  4.487D-10
  105.312500    5.6026877848176D-09  4.479D-10
  105.375000    5.5927252681022D-09  4.471D-10
  105.437500    5.5827863565060D-09  4.463D-10
  105.500000    5.5728709801756D-09  4.456D-10
  105.562500    5.5629790694991D-09  4.448D-10
  105.625000    5.5531105550827D-09  4.440D-10
  105.687500    5.5432653678106D-09  4.432D-10
  105.750000    5.5334434387968D-09  4.424D-10
  105.812500    5.5236446994097D-09  4.416D-10
  105.875000    5.5138690812469D-09  4.408D-10
  105.937500    5.5041165161607D-09  4.401D-10
  106.000000    5.4943869362447D-09  4.393D-10
  106.062500    5.4846802738107D-09  4.385D-10
  106.125000    5.4749964614364D-09  4.377D-10
  106.187500    5.4653354319294D-09  4.370D-10
  106.250000    5.4556971183150D-09  4.362D-10
  106.312500    5.4460814538967D-09  4.354D-10
  106.375000    5.4364883721595D-09  4.347D-10
  106.437500    5.4269178068665D-09  4.339D-10
  106.500000    5.4173696919987D-09  4.331D-10
  106.562500    5.4078439617548D-09  4.324D-10
  106.625000    5.3983405505874D-09  4.316D-10
  106.687500    5.3888593931669D-09  4.308D-10
  106.750000    5.3794004244058D-09  4.301D-10
  106.812500    5.3699635794218D-09  4.293D-10
  106.875000    5.3605487935751D-09  4.286D-10
  106.937500    5.3511560024552D-09  4.278D-10
  107.000000    5.3417851418819D-09  4.271D-10
  107.062500    5.3324361478681D-09  4.263D-10
  107.125000    5.3231089566932D-09  4.256D-10
  107.187500    5.3138035048178D-09  4.248D-10
  107.250000    5.3045197289688D-09  4.241D-10
  107.312500    5.2952575660543D-09  4.234D-10
  107.375000    5.2860169532246D-09  4.226D-10
  107.437500    5.2767978278477D-09  4.219D-10
  107.500000    5.2676001274969D-09  4.211D-10
  107.562500    5.2584237899758D-09  4.204D-10
  107.625000    5.2492687533055D-09  4.197D-10
  107.687500    5.2401349557128D-09  4.190D-10
  107.750000    5.2310223356542D-09  4.182D-10
  107.812500    5.2219308317679D-09  4.175D-10
  107.875000    5.2128603829579D-09  4.168D-10
  107.937500    5.2038109282858D-09  4.160D-10
  108.000000    5.1947824070549D-09  4.153D-10
  108.062500    5.1857747587863D-09  4.146D-10
  108.125000    5.1767879231705D-09  4.139D-10
  108.187500    5.1678218401640D-09  4.132D-10
  108.250000    5.1588764498807D-09  4.125D-10
  108.312500    5.1499516926643D-09  4.117D-10
  108.375000    5.1410475090762D-09  4.110D-10
  108.437500    5.1321638398592D-09  4.103D-10
  108.500000    5.1233006259618D-09  4.096D-10
  108.562500    5.1144578085624D-09  4.089D-10
  108.625000    5.1056353290208D-09  4.082D-10
  108.687500    5.0968331288904D-09  4.075D-10
  108.750000    5.0880511499542D-09  4.068D-10
  108.812500    5.0792893341769D-09  4.061D-10
  108.875000    5.0705476237288D-09  4.054D-10
  108.937500    5.0618259609616D-09  4.047D-10
  109.000000    5.0531242884569D-09  4.040D-10
  109.062500    5.0444425489776D-09  4.033D-10
  109.125000    5.0357806854804D-09  4.026D-10
  109.187500    5.0271386411031D-09  4.019D-10
  109.250000    5.0185163592259D-09  4.012D-10
  109.312500    5.0099137833737D-09  4.005D-10
  109.375000    5.0013308572773D-09  3.999D-10
  109.437500    4.9927675248852D-09  3.992D-10
  109.500000    4.9842237303032D-09  3.985D-10
  109.562500    4.9756994178547D-09  3.978D-10
  109.625000    4.9671945320447D-09  3.971D-10
  109.687500    4.9587090175595D-09  3.965D-10
  109.750000    4.9502428192791D-09  3.958D-10
  109.812500    4.9417958822771D-09  3.951D-10
  109.875000    4.9333681518082D-09  3.944D-10
  109.937500    4.9249595733332D-09  3.938D-10
  110.000000    4.9165700924456D-09  3.931D-10
  110.062500    4.9081996549932D-09  3.924D-10
  110.125000    4.8998482069688D-09  3.917D-10
  110.187500    4.8915156945467D-09  3.911D-10
  110.250000    4.8832020640827D-09  3.904D-10
  110.312500    4.8749072621502D-09  3.898D-10
  110.375000    4.8666312354679D-09  3.891D-10
  110.437500    4.8583739309359D-09  3.884D-10
  110.500000    4.8501352956601D-09  3.878D-10
  110.562500    4.8419152768912D-09  3.871D-10
  110.625000    4.8337138220980D-09  3.865D-10
  110.687500    4.8255308788943D-09  3.858D-10
  110.750000    4.8173663950754D-09  3.852D-10
  110.812500    4.8092203186422D-09  3.845D-10
  110.875000    4.8010925977409D-09  3.839D-10
  110.937500    4.7929831806989D-09  3.832D-10
  111.000000    4.7848920160131D-09  3.826D-10
  111.062500    4.7768190523741D-09  3.819D-10
  111.125000    4.7687642386417D-09  3.813D-10
  111.187500    4.7607275238207D-09  3.806D-10
  111.250000    4.7527088571219D-09  3.800D-10
  111.312500    4.7447081879011D-09  3.793D-10
  111.375000    4.7367254656954D-09  3.787D-10
  111.437500    4.7287606402236D-09  3.781D-10
  111.500000    4.7208136613617D-09  3.774D-10
  111.562500    4.7128844791307D-09  3.768D-10
  111.625000    4.7049730437696D-09  3.762D-10
  111.687500    4.6970793056503D-09  3.755D-10
  111.750000    4.6892032153141D-09  3.749D-10
  111.812500    4.6813447234717D-09  3.743D-10
  111.875000    4.6735037810030D-09  3.736D-10
  111.937500    4.6656803389454D-09  3.730D-10
  112.000000    4.6578743485054D-09  3.724D-10
  112.062500    4.6500857610470D-09  3.718D-10
  112.125000    4.6423145281035D-09  3.712D-10
  112.187500    4.6345606013653D-09  3.705D-10
  112.250000    4.6268239326924D-09  3.699D-10
  112.312500    4.6191044740898D-09  3.693D-10
  112.375000    4.6114021777440D-09  3.687D-10
  112.437500    4.6037169959745D-09  3.681D-10
  112.500000    4.5960488812825D-09  3.675D-10
  112.562500    4.5883977863140D-09  3.668D-10
  112.625000    4.5807636638726D-09  3.662D-10
  112.687500    4.5731464669310D-09  3.656D-10
  112.750000    4.5655461486073D-09  3.650D-10
  112.812500    4.5579626621888D-09  3.644D-10
  112.875000    4.5503959610838D-09  3.638D-10
  112.937500    4.5428459989062D-09  3.632D-10
  113.000000    4.5353127293669D-09  3.626D-10
  113.062500    4.5277961063943D-09  3.620D-10
  113.125000    4.5202960840015D-09  3.614D-10
  113.187500    4.5128126164075D-09  3.608D-10
  113.250000    4.5053456579641D-09  3.602D-10
  113.312500    4.4978951631562D-09  3.596D-10
  113.375000    4.4904610866503D-09  3.590D-10
  113.437500    4.4830433832339D-09  3.584D-10
  113.500000    4.4756420078756D-09  3.578D-10
  113.562500    4.4682569156534D-09  3.572D-10
  113.625000    4.4608880618384D-09  3.567D-10
  113.687500    4.4535354017988D-09  3.561D-10
  113.750000    4.4461988910960D-09  3.555D-10
  113.812500    4.4388784854129D-09  3.549D-10
  113.875000    4.4315741405891D-09  3.543D-10
  113.937500    4.4242858125856D-09  3.537D-10
