
variables = "r", "tA(r)", "Uncertainty"
zone T = "State 2 qA(r)  77N16p6q3Rf4_40C3ReD"

    1.500000   -1.3340335455000D-04  1.112D-05
    1.562500   -1.2781365795974D-04  1.065D-05
    1.625000   -1.2203005730059D-04  1.017D-05
    1.687500   -1.1608306567222D-04  9.675D-06
    1.750000   -1.1000490029466D-04  9.168D-06
    1.812500   -1.0382893850794D-04  8.654D-06
    1.875000   -9.7589159938232D-05  8.134D-06
    1.937500   -9.1319591192819D-05  7.611D-06
    2.000000   -8.5053768867008D-05  7.089D-06
    2.062500   -7.8824235357213D-05  6.570D-06
    2.125000   -7.2662080081826D-05  6.056D-06
    2.187500   -6.6596536356208D-05  5.550D-06
    2.250000   -6.0654641511528D-05  5.055D-06
    2.312500   -5.4860965057444D-05  4.572D-06
    2.375000   -4.9237406927190D-05  4.104D-06
    2.437500   -4.3803065253833D-05  3.651D-06
    2.500000   -3.8574170824819D-05  3.215D-06
    2.562500   -3.3564083433238D-05  2.797D-06
    2.625000   -2.8783343839542D-05  2.399D-06
    2.687500   -2.4239773995445D-05  2.020D-06
    2.750000   -1.9938617552400D-05  1.662D-06
    2.812500   -1.5882712446951D-05  1.324D-06
    2.875000   -1.2072687473815D-05  1.006D-06
    2.937500   -8.5071751634627D-06  7.090D-07
    3.000000   -5.1830339079508D-06  4.320D-07
    3.062500   -2.0955730610678D-06  1.747D-07
    3.125000    7.6122438528901D-07  6.344D-08
    3.187500    3.3944860314409D-06  2.829D-07
    3.250000    5.8122447811566D-06  4.844D-07
    3.312500    8.0232467415178D-06  6.687D-07
    3.375000    1.0036774221430D-05  8.365D-07
    3.437500    1.1862485027347D-05  9.887D-07
    3.500000    1.3510268639427D-05  1.126D-06
    3.562500    1.4990119335392D-05  1.249D-06
    3.625000    1.6312025911033D-05  1.360D-06
    3.687500    1.7485877319937D-05  1.457D-06
    3.750000    1.8521383312546D-05  1.544D-06
    3.812500    1.9428008986197D-05  1.619D-06
    3.875000    2.0214922052989D-05  1.685D-06
    3.937500    2.0890951580681D-05  1.741D-06
    4.000000    2.1464556953199D-05  1.789D-06
    4.062500    2.1943805822555D-05  1.829D-06
    4.125000    2.2336359874726D-05  1.862D-06
    4.187500    2.2649467301018D-05  1.888D-06
    4.250000    2.2889960947653D-05  1.908D-06
    4.312500    2.3064261204640D-05  1.922D-06
    4.375000    2.3178382786349D-05  1.932D-06
    4.437500    2.3237944647482D-05  1.937D-06
    4.500000    2.3248182366872D-05  1.938D-06
    4.562500    2.3213962416027D-05  1.935D-06
    4.625000    2.3139797808378D-05  1.929D-06
    4.687500    2.3029864698066D-05  1.919D-06
    4.750000    2.2888019563403D-05  1.908D-06
    4.812500    2.2717816669836D-05  1.893D-06
    4.875000    2.2522525560340D-05  1.877D-06
    4.937500    2.2305148368036D-05  1.859D-06
    5.000000    2.2068436786764D-05  1.839D-06
    5.062500    2.1814908570801D-05  1.818D-06
    5.125000    2.1546863465351D-05  1.796D-06
    5.187500    2.1266398495366D-05  1.772D-06
    5.250000    2.0975422562095D-05  1.748D-06
    5.312500    2.0675670315035D-05  1.723D-06
    5.375000    2.0368715282046D-05  1.698D-06
    5.437500    2.0055982252734D-05  1.672D-06
    5.500000    1.9738758920164D-05  1.645D-06
    5.562500    1.9418206793841D-05  1.618D-06
    5.625000    1.9095371403087D-05  1.591D-06
    5.687500    1.8771191814560D-05  1.564D-06
    5.750000    1.8446509491119D-05  1.537D-06
    5.812500    1.8122076521604D-05  1.510D-06
    5.875000    1.7798563252624D-05  1.483D-06
    5.937500    1.7476565354285D-05  1.457D-06
    6.000000    1.7156610352019D-05  1.430D-06
    6.062500    1.6839163656500D-05  1.403D-06
    6.125000    1.6524634123071D-05  1.377D-06
    6.187500    1.6213379171255D-05  1.351D-06
    6.250000    1.5905709493923D-05  1.326D-06
    6.312500    1.5601893384466D-05  1.300D-06
    6.375000    1.5302160709050D-05  1.275D-06
    6.437500    1.5006706549675D-05  1.251D-06
    6.500000    1.4715694542348D-05  1.226D-06
    6.562500    1.4429259933320D-05  1.203D-06
    6.625000    1.4147512374912D-05  1.179D-06
    6.687500    1.3870538481114D-05  1.156D-06
    6.750000    1.3598404161821D-05  1.133D-06
    6.812500    1.3331156753278D-05  1.111D-06
    6.875000    1.3068826961100D-05  1.089D-06
    6.937500    1.2811430631064D-05  1.068D-06
    7.000000    1.2558970361749D-05  1.047D-06
    7.062500    1.2311436972087D-05  1.026D-06
    7.125000    1.2068810835874D-05  1.006D-06
    7.187500    1.1831063094379D-05  9.861D-07
    7.250000    1.1598156757340D-05  9.666D-07
    7.312500    1.1370047701803D-05  9.476D-07
    7.375000    1.1146685577523D-05  9.290D-07
    7.437500    1.0928014626963D-05  9.108D-07
    7.500000    1.0713974427242D-05  8.930D-07
    7.562500    1.0504500560822D-05  8.755D-07
    7.625000    1.0299525221133D-05  8.584D-07
    7.687500    1.0098977758860D-05  8.417D-07
    7.750000    9.9027851740984D-06  8.253D-07
    7.812500    9.7108725591852D-06  8.093D-07
    7.875000    9.5231634965879D-06  7.937D-07
    7.937500    9.3395804158690D-06  7.784D-07
    8.000000    9.1600449134057D-06  7.634D-07
    8.062500    8.9844780382259D-06  7.488D-07
    8.125000    8.8128005470385D-06  7.345D-07
    8.187500    8.6449331312672D-06  7.205D-07
    8.250000    8.4807966186588D-06  7.068D-07
    8.312500    8.3203121518121D-06  6.935D-07
    8.375000    8.1634013457696D-06  6.804D-07
    8.437500    8.0099864266302D-06  6.676D-07
    8.500000    7.8599903529665D-06  6.551D-07
    8.562500    7.7133369216767D-06  6.429D-07
    8.625000    7.5699508597558D-06  6.309D-07
    8.687500    7.4297579033421D-06  6.192D-07
    8.750000    7.2926848652719D-06  6.078D-07
    8.812500    7.1586596922687D-06  5.966D-07
    8.875000    7.0276115127912D-06  5.857D-07
    8.937500    6.8994706764737D-06  5.750D-07
    9.000000    6.7741687860083D-06  5.646D-07
    9.062500    6.6516387222409D-06  5.544D-07
    9.125000    6.5318146631871D-06  5.444D-07
    9.187500    6.4146320976033D-06  5.346D-07
    9.250000    6.3000278336988D-06  5.251D-07
    9.312500    6.1879400035125D-06  5.157D-07
    9.375000    6.0783080634373D-06  5.066D-07
    9.437500    5.9710727913253D-06  4.977D-07
    9.500000    5.8661762805694D-06  4.889D-07
    9.562500    5.7635619315192D-06  4.804D-07
    9.625000    5.6631744405552D-06  4.720D-07
    9.687500    5.5649597871163D-06  4.638D-07
    9.750000    5.4688652189442D-06  4.558D-07
    9.812500    5.3748392357867D-06  4.480D-07
    9.875000    5.2828315717771D-06  4.403D-07
    9.937500    5.1927931766838D-06  4.328D-07
   10.000000    5.1046761962092D-06  4.254D-07
   10.062500    5.0184339514953D-06  4.183D-07
   10.125000    4.9340209179795D-06  4.112D-07
   10.187500    4.8513927037300D-06  4.043D-07
   10.250000    4.7705060273755D-06  3.976D-07
   10.312500    4.6913186957328D-06  3.910D-07
   10.375000    4.6137895812247D-06  3.845D-07
   10.437500    4.5378785991705D-06  3.782D-07
   10.500000    4.4635466850240D-06  3.720D-07
   10.562500    4.3907557716217D-06  3.659D-07
   10.625000    4.3194687665015D-06  3.600D-07
   10.687500    4.2496495293420D-06  3.542D-07
   10.750000    4.1812628495675D-06  3.485D-07
   10.812500    4.1142744241575D-06  3.429D-07
   10.875000    4.0486508356968D-06  3.374D-07
   10.937500    3.9843595306945D-06  3.321D-07
   11.000000    3.9213687981981D-06  3.268D-07
   11.062500    3.8596477487259D-06  3.217D-07
   11.125000    3.7991662935340D-06  3.166D-07
   11.187500    3.7398951242371D-06  3.117D-07
   11.250000    3.6818056927922D-06  3.069D-07
   11.312500    3.6248701918592D-06  3.021D-07
   11.375000    3.5690615355447D-06  2.975D-07
   11.437500    3.5143533405358D-06  2.929D-07
   11.500000    3.4607199076293D-06  2.884D-07
   11.562500    3.4081362036586D-06  2.840D-07
   11.625000    3.3565778438199D-06  2.798D-07
   11.687500    3.3060210743989D-06  2.755D-07
   11.750000    3.2564427558967D-06  2.714D-07
   11.812500    3.2078203465532D-06  2.674D-07
   11.875000    3.1601318862658D-06  2.634D-07
   11.937500    3.1133559808995D-06  2.595D-07
   12.000000    3.0674717869859D-06  2.557D-07
   12.062500    3.0224589968042D-06  2.519D-07
   12.125000    2.9782978238416D-06  2.482D-07
   12.187500    2.9349689886257D-06  2.446D-07
   12.250000    2.8924537049247D-06  2.411D-07
   12.312500    2.8507336663073D-06  2.376D-07
   12.375000    2.8097910330582D-06  2.342D-07
   12.437500    2.7696084194407D-06  2.308D-07
   12.500000    2.7301688813003D-06  2.275D-07
   12.562500    2.6914559040024D-06  2.243D-07
   12.625000    2.6534533906978D-06  2.212D-07
   12.687500    2.6161456509065D-06  2.180D-07
   12.750000    2.5795173894162D-06  2.150D-07
   12.812500    2.5435536954851D-06  2.120D-07
   12.875000    2.5082400323439D-06  2.090D-07
   12.937500    2.4735622269889D-06  2.062D-07
   13.000000    2.4395064602594D-06  2.033D-07
   13.062500    2.4060592571926D-06  2.005D-07
   13.125000    2.3732074776487D-06  1.978D-07
   13.187500    2.3409383071991D-06  1.951D-07
   13.250000    2.3092392482715D-06  1.925D-07
   13.312500    2.2780981115451D-06  1.899D-07
   13.375000    2.2475030075887D-06  1.873D-07
   13.437500    2.2174423387353D-06  1.848D-07
   13.500000    2.1879047911884D-06  1.824D-07
   13.562500    2.1588793273508D-06  1.799D-07
   13.625000    2.1303551783726D-06  1.776D-07
   13.687500    2.1023218369107D-06  1.752D-07
   13.750000    2.0747690500943D-06  1.729D-07
   13.812500    2.0476868126916D-06  1.707D-07
   13.875000    2.0210653604696D-06  1.684D-07
   13.937500    1.9948951637448D-06  1.663D-07
   14.000000    1.9691669211167D-06  1.641D-07
   14.062500    1.9438715533803D-06  1.620D-07
   14.125000    1.9190001976119D-06  1.599D-07
   14.187500    1.8945442014234D-06  1.579D-07
   14.250000    1.8704951173806D-06  1.559D-07
   14.312500    1.8468446975799D-06  1.539D-07
   14.375000    1.8235848883793D-06  1.520D-07
   14.437500    1.8007078252799D-06  1.501D-07
   14.500000    1.7782058279520D-06  1.482D-07
   14.562500    1.7560713954028D-06  1.464D-07
   14.625000    1.7342972012811D-06  1.445D-07
   14.687500    1.7128760893152D-06  1.428D-07
   14.750000    1.6918010688795D-06  1.410D-07
   14.812500    1.6710653106870D-06  1.393D-07
   14.875000    1.6506621426030D-06  1.376D-07
   14.937500    1.6305850455771D-06  1.359D-07
   15.000000    1.6108276496898D-06  1.343D-07
   15.062500    1.5913837303101D-06  1.326D-07
   15.125000    1.5722472043613D-06  1.310D-07
   15.187500    1.5534121266915D-06  1.295D-07
   15.250000    1.5348726865454D-06  1.279D-07
   15.312500    1.5166232041353D-06  1.264D-07
   15.375000    1.4986581273075D-06  1.249D-07
   15.437500    1.4809720283016D-06  1.234D-07
   15.500000    1.4635596006003D-06  1.220D-07
   15.562500    1.4464156558659D-06  1.206D-07
   15.625000    1.4295351209628D-06  1.191D-07
   15.687500    1.4129130350620D-06  1.178D-07
   15.750000    1.3965445468247D-06  1.164D-07
   15.812500    1.3804249116654D-06  1.151D-07
   15.875000    1.3645494890885D-06  1.137D-07
   15.937500    1.3489137400990D-06  1.124D-07
   16.000000    1.3335132246844D-06  1.111D-07
   16.062500    1.3183435993645D-06  1.099D-07
   16.125000    1.3034006148092D-06  1.086D-07
   16.187500    1.2886801135205D-06  1.074D-07
   16.250000    1.2741780275778D-06  1.062D-07
   16.312500    1.2598903764444D-06  1.050D-07
   16.375000    1.2458132648331D-06  1.038D-07
   16.437500    1.2319428806299D-06  1.027D-07
   16.500000    1.2182754928736D-06  1.015D-07
   16.562500    1.2048074497894D-06  1.004D-07
   16.625000    1.1915351768754D-06  9.931D-08
   16.687500    1.1784551750409D-06  9.822D-08
   16.750000    1.1655640187938D-06  9.714D-08
   16.812500    1.1528583544764D-06  9.608D-08
   16.875000    1.1403348985484D-06  9.504D-08
   16.937500    1.1279904359157D-06  9.401D-08
   17.000000    1.1158218183026D-06  9.300D-08
   17.062500    1.1038259626677D-06  9.200D-08
   17.125000    1.0919998496619D-06  9.101D-08
   17.187500    1.0803405221255D-06  9.004D-08
   17.250000    1.0688450836265D-06  8.908D-08
   17.312500    1.0575106970360D-06  8.814D-08
   17.375000    1.0463345831412D-06  8.721D-08
   17.437500    1.0353140192944D-06  8.629D-08
   17.500000    1.0244463380974D-06  8.538D-08
   17.562500    1.0137289261197D-06  8.449D-08
   17.625000    1.0031592226496D-06  8.361D-08
   17.687500    9.9273471847868D-07  8.274D-08
   17.750000    9.8245295471604D-07  8.188D-08
   17.812500    9.7231152163410D-07  8.104D-08
   17.875000    9.6230805754347D-07  8.020D-08
   17.937500    9.5244024769677D-07  7.938D-08
   18.000000    9.4270582322021D-07  7.857D-08
   18.062500    9.3310256007256D-07  7.777D-08
   18.125000    9.2362827803036D-07  7.698D-08
   18.187500    9.1428083969883D-07  7.620D-08
   18.250000    9.0505814954787D-07  7.543D-08
   18.312500    8.9595815297219D-07  7.467D-08
   18.375000    8.8697883537508D-07  7.392D-08
   18.437500    8.7811822127521D-07  7.319D-08
   18.500000    8.6937437343567D-07  7.246D-08
   18.562500    8.6074539201479D-07  7.174D-08
   18.625000    8.5222941373799D-07  7.103D-08
   18.687500    8.4382461109029D-07  7.033D-08
   18.750000    8.3552919152871D-07  6.964D-08
   18.812500    8.2734139671413D-07  6.895D-08
   18.875000    8.1925950176210D-07  6.828D-08
   18.937500    8.1128181451203D-07  6.762D-08
   19.000000    8.0340667481426D-07  6.696D-08
   19.062500    7.9563245383456D-07  6.631D-08
   19.125000    7.8795755337565D-07  6.567D-08
   19.187500    7.8038040521510D-07  6.504D-08
   19.250000    7.7289947045941D-07  6.442D-08
   19.312500    7.6551323891361D-07  6.380D-08
   19.375000    7.5822022846615D-07  6.319D-08
   19.437500    7.5101898448855D-07  6.259D-08
   19.500000    7.4390807924952D-07  6.200D-08
   19.562500    7.3688611134305D-07  6.142D-08
   19.625000    7.2995170513019D-07  6.084D-08
   19.687500    7.2310351019415D-07  6.027D-08
   19.750000    7.1634020080833D-07  5.970D-08
   19.812500    7.0966047541696D-07  5.915D-08
   19.875000    7.0306305612806D-07  5.860D-08
   19.937500    6.9654668821832D-07  5.805D-08
   20.000000    6.9011013964966D-07  5.752D-08
   20.062500    6.8375220059713D-07  5.699D-08
   20.125000    6.7747168298784D-07  5.646D-08
   20.187500    6.7126742005072D-07  5.595D-08
   20.250000    6.6513826587671D-07  5.544D-08
   20.312500    6.5908309498918D-07  5.493D-08
   20.375000    6.5310080192437D-07  5.443D-08
   20.437500    6.4719030082143D-07  5.394D-08
   20.500000    6.4135052502202D-07  5.345D-08
   20.562500    6.3558042667902D-07  5.297D-08
   20.625000    6.2987897637434D-07  5.250D-08
   20.687500    6.2424516274534D-07  5.203D-08
   20.750000    6.1867799211992D-07  5.156D-08
   20.812500    6.1317648815983D-07  5.110D-08
   20.875000    6.0773969151208D-07  5.065D-08
   20.937500    6.0236665946837D-07  5.020D-08
   21.000000    5.9705646563205D-07  4.976D-08
   21.062500    5.9180819959271D-07  4.932D-08
   21.125000    5.8662096660808D-07  4.889D-08
   21.187500    5.8149388729301D-07  4.846D-08
   21.250000    5.7642609731544D-07  4.804D-08
   21.312500    5.7141674709923D-07  4.762D-08
   21.375000    5.6646500153352D-07  4.721D-08
   21.437500    5.6157003968851D-07  4.680D-08
   21.500000    5.5673105453772D-07  4.640D-08
   21.562500    5.5194725268620D-07  4.600D-08
   21.625000    5.4721785410485D-07  4.561D-08
   21.687500    5.4254209187052D-07  4.522D-08
   21.750000    5.3791921191188D-07  4.483D-08
   21.812500    5.3334847276080D-07  4.445D-08
   21.875000    5.2882914530917D-07  4.408D-08
   21.937500    5.2436051257104D-07  4.370D-08
   22.000000    5.1994186944992D-07  4.333D-08
   22.062500    5.1557252251112D-07  4.297D-08
   22.125000    5.1125178975899D-07  4.261D-08
   22.187500    5.0697900041905D-07  4.225D-08
   22.250000    5.0275349472471D-07  4.190D-08
   22.312500    4.9857462370862D-07  4.155D-08
   22.375000    4.9444174899848D-07  4.121D-08
   22.437500    4.9035424261724D-07  4.087D-08
   22.500000    4.8631148678748D-07  4.053D-08
   22.562500    4.8231287374008D-07  4.020D-08
   22.625000    4.7835780552680D-07  3.987D-08
   22.687500    4.7444569383693D-07  3.954D-08
   22.750000    4.7057595981780D-07  3.922D-08
   22.812500    4.6674803389902D-07  3.890D-08
   22.875000    4.6296135562044D-07  3.859D-08
   22.937500    4.5921537346372D-07  3.827D-08
   23.000000    4.5550954468747D-07  3.796D-08
   23.062500    4.5184333516570D-07  3.766D-08
   23.125000    4.4821621922980D-07  3.736D-08
   23.187500    4.4462767951359D-07  3.706D-08
   23.250000    4.4107720680185D-07  3.676D-08
   23.312500    4.3756429988172D-07  3.647D-08
   23.375000    4.3408846539730D-07  3.618D-08
   23.437500    4.3064921770723D-07  3.589D-08
   23.500000    4.2724607874520D-07  3.561D-08
   23.562500    4.2387857788322D-07  3.533D-08
   23.625000    4.2054625179783D-07  3.505D-08
   23.687500    4.1724864433888D-07  3.478D-08
   23.750000    4.1398530640114D-07  3.450D-08
   23.812500    4.1075579579838D-07  3.423D-08
   23.875000    4.0755967714002D-07  3.397D-08
   23.937500    4.0439652171036D-07  3.370D-08
   24.000000    4.0126590735014D-07  3.344D-08
   24.062500    3.9816741834050D-07  3.319D-08
   24.125000    3.9510064528933D-07  3.293D-08
   24.187500    3.9206518501978D-07  3.268D-08
   24.250000    3.8906064046113D-07  3.243D-08
   24.312500    3.8608662054168D-07  3.218D-08
   24.375000    3.8314274008393D-07  3.193D-08
   24.437500    3.8022861970168D-07  3.169D-08
   24.500000    3.7734388569927D-07  3.145D-08
   24.562500    3.7448816997278D-07  3.121D-08
   24.625000    3.7166110991315D-07  3.098D-08
   24.687500    3.6886234831122D-07  3.074D-08
   24.750000    3.6609153326461D-07  3.051D-08
   24.812500    3.6334831808651D-07  3.028D-08
   24.875000    3.6063236121609D-07  3.006D-08
   24.937500    3.5794332613076D-07  2.983D-08
   25.000000    3.5528088126015D-07  2.961D-08
   25.062500    3.5264469990167D-07  2.939D-08
   25.125000    3.5003446013778D-07  2.917D-08
   25.187500    3.4744984475478D-07  2.896D-08
   25.250000    3.4489054116325D-07  2.874D-08
   25.312500    3.4235624131993D-07  2.853D-08
   25.375000    3.3984664165119D-07  2.832D-08
   25.437500    3.3736144297781D-07  2.812D-08
   25.500000    3.3490035044143D-07  2.791D-08
   25.562500    3.3246307343212D-07  2.771D-08
   25.625000    3.3004932551753D-07  2.751D-08
   25.687500    3.2765882437332D-07  2.731D-08
   25.750000    3.2529129171490D-07  2.711D-08
   25.812500    3.2294645323041D-07  2.692D-08
   25.875000    3.2062403851505D-07  2.672D-08
   25.937500    3.1832378100657D-07  2.653D-08
   26.000000    3.1604541792204D-07  2.634D-08
   26.062500    3.1378869019569D-07  2.615D-08
   26.125000    3.1155334241803D-07  2.597D-08
   26.187500    3.0933912277603D-07  2.578D-08
   26.250000    3.0714578299437D-07  2.560D-08
   26.312500    3.0497307827797D-07  2.542D-08
   26.375000    3.0282076725529D-07  2.524D-08
   26.437500    3.0068861192295D-07  2.506D-08
   26.500000    2.9857637759120D-07  2.488D-08
   26.562500    2.9648383283042D-07  2.471D-08
   26.625000    2.9441074941867D-07  2.454D-08
   26.687500    2.9235690229014D-07  2.437D-08
   26.750000    2.9032206948450D-07  2.420D-08
   26.812500    2.8830603209731D-07  2.403D-08
   26.875000    2.8630857423115D-07  2.386D-08
   26.937500    2.8432948294779D-07  2.370D-08
   27.000000    2.8236854822113D-07  2.353D-08
   27.062500    2.8042556289103D-07  2.337D-08
   27.125000    2.7850032261798D-07  2.321D-08
   27.187500    2.7659262583854D-07  2.305D-08
   27.250000    2.7470227372160D-07  2.289D-08
   27.312500    2.7282907012548D-07  2.274D-08
   27.375000    2.7097282155566D-07  2.258D-08
   27.437500    2.6913333712344D-07  2.243D-08
   27.500000    2.6731042850514D-07  2.228D-08
   27.562500    2.6550390990221D-07  2.213D-08
   27.625000    2.6371359800194D-07  2.198D-08
   27.687500    2.6193931193883D-07  2.183D-08
   27.750000    2.6018087325675D-07  2.168D-08
   27.812500    2.5843810587172D-07  2.154D-08
   27.875000    2.5671083603528D-07  2.140D-08
   27.937500    2.5499889229860D-07  2.125D-08
   28.000000    2.5330210547714D-07  2.111D-08
   28.062500    2.5162030861597D-07  2.097D-08
   28.125000    2.4995333695574D-07  2.083D-08
   28.187500    2.4830102789905D-07  2.069D-08
   28.250000    2.4666322097767D-07  2.056D-08
   28.312500    2.4503975782011D-07  2.042D-08
   28.375000    2.4343048211988D-07  2.029D-08
   28.437500    2.4183523960422D-07  2.016D-08
   28.500000    2.4025387800338D-07  2.002D-08
   28.562500    2.3868624702051D-07  1.989D-08
   28.625000    2.3713219830192D-07  1.976D-08
   28.687500    2.3559158540800D-07  1.964D-08
   28.750000    2.3406426378448D-07  1.951D-08
   28.812500    2.3255009073435D-07  1.938D-08
   28.875000    2.3104892539010D-07  1.926D-08
   28.937500    2.2956062868652D-07  1.913D-08
   29.000000    2.2808506333398D-07  1.901D-08
   29.062500    2.2662209379201D-07  1.889D-08
   29.125000    2.2517158624357D-07  1.877D-08
   29.187500    2.2373340856952D-07  1.865D-08
   29.250000    2.2230743032366D-07  1.853D-08
   29.312500    2.2089352270812D-07  1.841D-08
   29.375000    2.1949155854918D-07  1.829D-08
   29.437500    2.1810141227352D-07  1.818D-08
   29.500000    2.1672295988484D-07  1.806D-08
   29.562500    2.1535607894084D-07  1.795D-08
   29.625000    2.1400064853064D-07  1.784D-08
   29.687500    2.1265654925253D-07  1.772D-08
   29.750000    2.1132366319212D-07  1.761D-08
   29.812500    2.1000187390081D-07  1.750D-08
   29.875000    2.0869106637464D-07  1.739D-08
   29.937500    2.0739112703348D-07  1.728D-08
   30.000000    2.0610194370061D-07  1.718D-08
   30.062500    2.0482340558252D-07  1.707D-08
   30.125000    2.0355540324913D-07  1.697D-08
   30.187500    2.0229782861432D-07  1.686D-08
   30.250000    2.0105057491676D-07  1.676D-08
   30.312500    1.9981353670106D-07  1.665D-08
   30.375000    1.9858660979922D-07  1.655D-08
   30.437500    1.9736969131235D-07  1.645D-08
   30.500000    1.9616267959278D-07  1.635D-08
   30.562500    1.9496547422631D-07  1.625D-08
   30.625000    1.9377797601491D-07  1.615D-08
   30.687500    1.9260008695954D-07  1.605D-08
   30.750000    1.9143171024339D-07  1.595D-08
   30.812500    1.9027275021528D-07  1.586D-08
   30.875000    1.8912311237333D-07  1.576D-08
   30.937500    1.8798270334900D-07  1.567D-08
   31.000000    1.8685143089123D-07  1.557D-08
   31.062500    1.8572920385098D-07  1.548D-08
   31.125000    1.8461593216584D-07  1.539D-08
   31.187500    1.8351152684508D-07  1.529D-08
   31.250000    1.8241589995481D-07  1.520D-08
   31.312500    1.8132896460335D-07  1.511D-08
   31.375000    1.8025063492697D-07  1.502D-08
   31.437500    1.7918082607569D-07  1.493D-08
   31.500000    1.7811945419941D-07  1.485D-08
   31.562500    1.7706643643424D-07  1.476D-08
   31.625000    1.7602169088897D-07  1.467D-08
   31.687500    1.7498513663186D-07  1.458D-08
   31.750000    1.7395669367758D-07  1.450D-08
   31.812500    1.7293628297431D-07  1.441D-08
   31.875000    1.7192382639112D-07  1.433D-08
   31.937500    1.7091924670549D-07  1.425D-08
   32.000000    1.6992246759106D-07  1.416D-08
   32.062500    1.6893341360552D-07  1.408D-08
   32.125000    1.6795201017873D-07  1.400D-08
   32.187500    1.6697818360101D-07  1.392D-08
   32.250000    1.6601186101161D-07  1.384D-08
   32.312500    1.6505297038729D-07  1.376D-08
   32.375000    1.6410144053124D-07  1.368D-08
   32.437500    1.6315720106197D-07  1.360D-08
   32.500000    1.6222018240252D-07  1.352D-08
   32.562500    1.6129031576971D-07  1.344D-08
   32.625000    1.6036753316371D-07  1.337D-08
   32.687500    1.5945176735758D-07  1.329D-08
   32.750000    1.5854295188713D-07  1.321D-08
   32.812500    1.5764102104082D-07  1.314D-08
   32.875000    1.5674590984989D-07  1.306D-08
   32.937500    1.5585755407857D-07  1.299D-08
   33.000000    1.5497589021448D-07  1.292D-08
   33.062500    1.5410085545922D-07  1.284D-08
   33.125000    1.5323238771894D-07  1.277D-08
   33.187500    1.5237042559521D-07  1.270D-08
   33.250000    1.5151490837601D-07  1.263D-08
   33.312500    1.5066577602674D-07  1.256D-08
   33.375000    1.4982296918142D-07  1.249D-08
   33.437500    1.4898642913416D-07  1.242D-08
   33.500000    1.4815609783051D-07  1.235D-08
   33.562500    1.4733191785908D-07  1.228D-08
   33.625000    1.4651383244331D-07  1.221D-08
   33.687500    1.4570178543326D-07  1.214D-08
   33.750000    1.4489572129760D-07  1.208D-08
   33.812500    1.4409558511569D-07  1.201D-08
   33.875000    1.4330132256973D-07  1.194D-08
   33.937500    1.4251287993716D-07  1.188D-08
   34.000000    1.4173020408298D-07  1.181D-08
   34.062500    1.4095324245233D-07  1.175D-08
   34.125000    1.4018194306312D-07  1.168D-08
   34.187500    1.3941625449878D-07  1.162D-08
   34.250000    1.3865612590111D-07  1.156D-08
   34.312500    1.3790150696319D-07  1.149D-08
   34.375000    1.3715234792253D-07  1.143D-08
   34.437500    1.3640859955408D-07  1.137D-08
   34.500000    1.3567021316364D-07  1.131D-08
   34.562500    1.3493714058104D-07  1.125D-08
   34.625000    1.3420933415376D-07  1.119D-08
   34.687500    1.3348674674032D-07  1.113D-08
   34.750000    1.3276933170395D-07  1.107D-08
   34.812500    1.3205704290638D-07  1.101D-08
   34.875000    1.3134983470152D-07  1.095D-08
   34.937500    1.3064766192946D-07  1.089D-08
   35.000000    1.2995047991042D-07  1.083D-08
   35.062500    1.2925824443878D-07  1.077D-08
   35.125000    1.2857091177725D-07  1.072D-08
   35.187500    1.2788843865114D-07  1.066D-08
   35.250000    1.2721078224263D-07  1.060D-08
   35.312500    1.2653790018515D-07  1.055D-08
   35.375000    1.2586975055791D-07  1.049D-08
   35.437500    1.2520629188036D-07  1.044D-08
   35.500000    1.2454748310692D-07  1.038D-08
   35.562500    1.2389328362156D-07  1.033D-08
   35.625000    1.2324365323269D-07  1.027D-08
   35.687500    1.2259855216790D-07  1.022D-08
   35.750000    1.2195794106897D-07  1.016D-08
   35.812500    1.2132178098674D-07  1.011D-08
   35.875000    1.2069003337630D-07  1.006D-08
   35.937500    1.2006266009202D-07  1.001D-08
   36.000000    1.1943962338275D-07  9.955D-09
   36.062500    1.1882088588710D-07  9.903D-09
   36.125000    1.1820641062877D-07  9.852D-09
   36.187500    1.1759616101189D-07  9.801D-09
   36.250000    1.1699010081653D-07  9.750D-09
   36.312500    1.1638819419413D-07  9.700D-09
   36.375000    1.1579040566316D-07  9.651D-09
   36.437500    1.1519670010467D-07  9.601D-09
   36.500000    1.1460704275804D-07  9.552D-09
   36.562500    1.1402139921669D-07  9.503D-09
   36.625000    1.1343973542393D-07  9.455D-09
   36.687500    1.1286201766876D-07  9.406D-09
   36.750000    1.1228821258184D-07  9.359D-09
   36.812500    1.1171828713146D-07  9.311D-09
   36.875000    1.1115220861953D-07  9.264D-09
   36.937500    1.1058994467769D-07  9.217D-09
   37.000000    1.1003146326346D-07  9.171D-09
   37.062500    1.0947673265637D-07  9.124D-09
   37.125000    1.0892572145425D-07  9.078D-09
   37.187500    1.0837839856948D-07  9.033D-09
   37.250000    1.0783473322536D-07  8.987D-09
   37.312500    1.0729469495245D-07  8.942D-09
   37.375000    1.0675825358503D-07  8.898D-09
   37.437500    1.0622537925759D-07  8.853D-09
   37.500000    1.0569604240130D-07  8.809D-09
   37.562500    1.0517021374067D-07  8.765D-09
   37.625000    1.0464786429009D-07  8.722D-09
   37.687500    1.0412896535051D-07  8.679D-09
   37.750000    1.0361348850616D-07  8.636D-09
   37.812500    1.0310140562129D-07  8.593D-09
   37.875000    1.0259268883698D-07  8.551D-09
   37.937500    1.0208731056789D-07  8.508D-09
   38.000000    1.0158524349927D-07  8.467D-09
   38.062500    1.0108646058376D-07  8.425D-09
   38.125000    1.0059093503838D-07  8.384D-09
   38.187500    1.0009864034155D-07  8.343D-09
   38.250000    9.9609550230083D-08  8.302D-09
   38.312500    9.9123638696279D-08  8.261D-09
   38.375000    9.8640879985035D-08  8.221D-09
   38.437500    9.8161248590979D-08  8.181D-09
   38.500000    9.7684719255663D-08  8.141D-09
   38.562500    9.7211266964765D-08  8.102D-09
   38.625000    9.6740866945377D-08  8.063D-09
   38.687500    9.6273494663266D-08  8.024D-09
   38.750000    9.5809125820208D-08  7.985D-09
   38.812500    9.5347736351343D-08  7.947D-09
   38.875000    9.4889302422579D-08  7.909D-09
   38.937500    9.4433800427996D-08  7.871D-09
   39.000000    9.3981206987347D-08  7.833D-09
   39.062500    9.3531498943485D-08  7.795D-09
   39.125000    9.3084653359948D-08  7.758D-09
   39.187500    9.2640647518472D-08  7.721D-09
   39.250000    9.2199458916598D-08  7.684D-09
   39.312500    9.1761065265274D-08  7.648D-09
   39.375000    9.1325444486487D-08  7.611D-09
   39.437500    9.0892574710999D-08  7.575D-09
   39.500000    9.0462434275973D-08  7.540D-09
   39.562500    9.0035001722749D-08  7.504D-09
   39.625000    8.9610255794602D-08  7.469D-09
   39.687500    8.9188175434517D-08  7.433D-09
   39.750000    8.8768739783013D-08  7.398D-09
   39.812500    8.8351928176022D-08  7.364D-09
   39.875000    8.7937720142673D-08  7.329D-09
   39.937500    8.7526095403284D-08  7.295D-09
   40.000000    8.7117033867224D-08  7.261D-09
   40.062500    8.6710515630898D-08  7.227D-09
   40.125000    8.6306520975688D-08  7.193D-09
   40.187500    8.5905030365989D-08  7.160D-09
   40.250000    8.5506024447183D-08  7.126D-09
   40.312500    8.5109484043754D-08  7.093D-09
   40.375000    8.4715390157303D-08  7.061D-09
   40.437500    8.4323723964663D-08  7.028D-09
   40.500000    8.3934466816046D-08  6.995D-09
   40.562500    8.3547600233128D-08  6.963D-09
   40.625000    8.3163105907270D-08  6.931D-09
   40.687500    8.2780965697658D-08  6.899D-09
   40.750000    8.2401161629567D-08  6.868D-09
   40.812500    8.2023675892535D-08  6.836D-09
   40.875000    8.1648490838644D-08  6.805D-09
   40.937500    8.1275588980805D-08  6.774D-09
   41.000000    8.0904952991043D-08  6.743D-09
   41.062500    8.0536565698777D-08  6.712D-09
   41.125000    8.0170410089221D-08  6.682D-09
   41.187500    7.9806469301684D-08  6.651D-09
   41.250000    7.9444726627998D-08  6.621D-09
   41.312500    7.9085165510832D-08  6.591D-09
   41.375000    7.8727769542208D-08  6.562D-09
   41.437500    7.8372522461861D-08  6.532D-09
   41.500000    7.8019408155702D-08  6.503D-09
   41.562500    7.7668410654313D-08  6.473D-09
   41.625000    7.7319514131432D-08  6.444D-09
   41.687500    7.6972702902434D-08  6.415D-09
   41.750000    7.6627961422880D-08  6.387D-09
   41.812500    7.6285274287049D-08  6.358D-09
   41.875000    7.5944626226491D-08  6.330D-09
   41.937500    7.5606002108622D-08  6.301D-09
   42.000000    7.5269386935308D-08  6.273D-09
   42.062500    7.4934765841479D-08  6.245D-09
   42.125000    7.4602124093713D-08  6.218D-09
   42.187500    7.4271447088965D-08  6.190D-09
   42.250000    7.3942720353147D-08  6.163D-09
   42.312500    7.3615929539828D-08  6.135D-09
   42.375000    7.3291060428939D-08  6.108D-09
   42.437500    7.2968098925466D-08  6.082D-09
   42.500000    7.2647031058164D-08  6.055D-09
   42.562500    7.2327842978285D-08  6.028D-09
   42.625000    7.2010520958351D-08  6.002D-09
   42.687500    7.1695051390921D-08  5.975D-09
   42.750000    7.1381420787325D-08  5.949D-09
   42.812500    7.1069615776517D-08  5.923D-09
   42.875000    7.0759623103829D-08  5.897D-09
   42.937500    7.0451429629832D-08  5.872D-09
   43.000000    7.0145022329143D-08  5.846D-09
   43.062500    6.9840388289286D-08  5.821D-09
   43.125000    6.9537514709550D-08  5.796D-09
   43.187500    6.9236388899868D-08  5.770D-09
   43.250000    6.8936998279679D-08  5.746D-09
   43.312500    6.8639330376872D-08  5.721D-09
   43.375000    6.8343372826668D-08  5.696D-09
   43.437500    6.8049113370526D-08  5.672D-09
   43.500000    6.7756539855146D-08  5.647D-09
   43.562500    6.7465640231341D-08  5.623D-09
   43.625000    6.7176402553046D-08  5.599D-09
   43.687500    6.6888814976292D-08  5.575D-09
   43.750000    6.6602865758153D-08  5.551D-09
   43.812500    6.6318543255796D-08  5.527D-09
   43.875000    6.6035835925422D-08  5.504D-09
   43.937500    6.5754732321351D-08  5.480D-09
   44.000000    6.5475221095023D-08  5.457D-09
   44.062500    6.5197290994019D-08  5.434D-09
   44.125000    6.4920930861138D-08  5.411D-09
   44.187500    6.4646129633467D-08  5.388D-09
   44.250000    6.4372876341426D-08  5.365D-09
   44.312500    6.4101160107871D-08  5.342D-09
   44.375000    6.3830970147177D-08  5.320D-09
   44.437500    6.3562295764344D-08  5.298D-09
   44.500000    6.3295126354122D-08  5.275D-09
   44.562500    6.3029451400118D-08  5.253D-09
   44.625000    6.2765260473944D-08  5.231D-09
   44.687500    6.2502543234338D-08  5.209D-09
   44.750000    6.2241289426339D-08  5.187D-09
   44.812500    6.1981488880445D-08  5.166D-09
   44.875000    6.1723131511766D-08  5.144D-09
   44.937500    6.1466207319232D-08  5.123D-09
   45.000000    6.1210706384756D-08  5.102D-09
   45.062500    6.0956618872451D-08  5.080D-09
   45.125000    6.0703935027827D-08  5.059D-09
   45.187500    6.0452645177019D-08  5.038D-09
   45.250000    6.0202739725976D-08  5.018D-09
   45.312500    5.9954209159748D-08  4.997D-09
   45.375000    5.9707044041697D-08  4.976D-09
   45.437500    5.9461235012734D-08  4.956D-09
   45.500000    5.9216772790596D-08  4.935D-09
   45.562500    5.8973648169109D-08  4.915D-09
   45.625000    5.8731852017466D-08  4.895D-09
   45.687500    5.8491375279504D-08  4.875D-09
   45.750000    5.8252208972986D-08  4.855D-09
   45.812500    5.8014344188912D-08  4.835D-09
   45.875000    5.7777772090793D-08  4.815D-09
   45.937500    5.7542483914039D-08  4.796D-09
   46.000000    5.7308470965173D-08  4.776D-09
   46.062500    5.7075724621246D-08  4.757D-09
   46.125000    5.6844236329122D-08  4.738D-09
   46.187500    5.6613997604854D-08  4.718D-09
   46.250000    5.6385000032994D-08  4.699D-09
   46.312500    5.6157235265988D-08  4.680D-09
   46.375000    5.5930695023497D-08  4.662D-09
   46.437500    5.5705371091811D-08  4.643D-09
   46.500000    5.5481255323201D-08  4.624D-09
   46.562500    5.5258339635297D-08  4.605D-09
   46.625000    5.5036616010479D-08  4.587D-09
   46.687500    5.4816076495298D-08  4.569D-09
   46.750000    5.4596713199846D-08  4.550D-09
   46.812500    5.4378518297173D-08  4.532D-09
   46.875000    5.4161484022725D-08  4.514D-09
   46.937500    5.3945602673738D-08  4.496D-09
   47.000000    5.3730866608673D-08  4.478D-09
   47.062500    5.3517268246631D-08  4.460D-09
   47.125000    5.3304800066865D-08  4.443D-09
   47.187500    5.3093454608118D-08  4.425D-09
   47.250000    5.2883224468158D-08  4.408D-09
   47.312500    5.2674102303197D-08  4.390D-09
   47.375000    5.2466080827363D-08  4.373D-09
   47.437500    5.2259152812162D-08  4.356D-09
   47.500000    5.2053311085981D-08  4.338D-09
   47.562500    5.1848548533498D-08  4.321D-09
   47.625000    5.1644858095267D-08  4.304D-09
   47.687500    5.1442232767108D-08  4.287D-09
   47.750000    5.1240665599668D-08  4.271D-09
   47.812500    5.1040149697889D-08  4.254D-09
   47.875000    5.0840678220554D-08  4.237D-09
   47.937500    5.0642244379736D-08  4.221D-09
   48.000000    5.0444841440363D-08  4.204D-09
   48.062500    5.0248462719733D-08  4.188D-09
   48.125000    5.0053101587012D-08  4.172D-09
   48.187500    4.9858751462801D-08  4.155D-09
   48.250000    4.9665405818650D-08  4.139D-09
   48.312500    4.9473058176587D-08  4.123D-09
   48.375000    4.9281702108707D-08  4.107D-09
   48.437500    4.9091331236671D-08  4.091D-09
   48.500000    4.8901939231303D-08  4.076D-09
   48.562500    4.8713519812122D-08  4.060D-09
   48.625000    4.8526066746897D-08  4.044D-09
   48.687500    4.8339573851260D-08  4.029D-09
   48.750000    4.8154034988231D-08  4.013D-09
   48.812500    4.7969444067831D-08  3.998D-09
   48.875000    4.7785795046621D-08  3.983D-09
   48.937500    4.7603081927337D-08  3.967D-09
   49.000000    4.7421298758435D-08  3.952D-09
   49.062500    4.7240439633730D-08  3.937D-09
   49.125000    4.7060498691941D-08  3.922D-09
   49.187500    4.6881470116336D-08  3.907D-09
   49.250000    4.6703348134320D-08  3.892D-09
   49.312500    4.6526127017055D-08  3.878D-09
   49.375000    4.6349801079049D-08  3.863D-09
   49.437500    4.6174364677809D-08  3.848D-09
   49.500000    4.5999812213428D-08  3.834D-09
   49.562500    4.5826138128260D-08  3.819D-09
   49.625000    4.5653336906475D-08  3.805D-09
   49.687500    4.5481403073752D-08  3.791D-09
   49.750000    4.5310331196900D-08  3.776D-09
   49.812500    4.5140115883501D-08  3.762D-09
   49.875000    4.4970751781525D-08  3.748D-09
   49.937500    4.4802233579026D-08  3.734D-09
   50.000000    4.4634556003761D-08  3.720D-09
   50.062500    4.4467713822830D-08  3.706D-09
   50.125000    4.4301701842381D-08  3.692D-09
   50.187500    4.4136514907216D-08  3.679D-09
   50.250000    4.3972147900527D-08  3.665D-09
   50.312500    4.3808595743483D-08  3.651D-09
   50.375000    4.3645853394937D-08  3.638D-09
   50.437500    4.3483915851142D-08  3.624D-09
   50.500000    4.3322778145336D-08  3.611D-09
   50.562500    4.3162435347522D-08  3.597D-09
   50.625000    4.3002882564071D-08  3.584D-09
   50.687500    4.2844114937464D-08  3.571D-09
   50.750000    4.2686127645951D-08  3.558D-09
   50.812500    4.2528915903257D-08  3.545D-09
   50.875000    4.2372474958293D-08  3.532D-09
   50.937500    4.2216800094796D-08  3.519D-09
   51.000000    4.2061886631112D-08  3.506D-09
   51.062500    4.1907729919841D-08  3.493D-09
   51.125000    4.1754325347576D-08  3.480D-09
   51.187500    4.1601668334597D-08  3.467D-09
   51.250000    4.1449754334593D-08  3.455D-09
   51.312500    4.1298578834366D-08  3.442D-09
   51.375000    4.1148137353569D-08  3.429D-09
   51.437500    4.0998425444426D-08  3.417D-09
   51.500000    4.0849438691428D-08  3.405D-09
   51.562500    4.0701172711091D-08  3.392D-09
   51.625000    4.0553623151683D-08  3.380D-09
   51.687500    4.0406785692935D-08  3.368D-09
   51.750000    4.0260656045795D-08  3.356D-09
   51.812500    4.0115229952159D-08  3.343D-09
   51.875000    3.9970503184607D-08  3.331D-09
   51.937500    3.9826471546175D-08  3.319D-09
   52.000000    3.9683130870027D-08  3.307D-09
   52.062500    3.9540477019300D-08  3.295D-09
   52.125000    3.9398505886778D-08  3.284D-09
   52.187500    3.9257213394659D-08  3.272D-09
   52.250000    3.9116595494353D-08  3.260D-09
   52.312500    3.8976648166175D-08  3.248D-09
   52.375000    3.8837367419161D-08  3.237D-09
   52.437500    3.8698749290791D-08  3.225D-09
   52.500000    3.8560789846749D-08  3.214D-09
   52.562500    3.8423485180746D-08  3.202D-09
   52.625000    3.8286831414209D-08  3.191D-09
   52.687500    3.8150824696114D-08  3.180D-09
   52.750000    3.8015461202720D-08  3.168D-09
   52.812500    3.7880737137360D-08  3.157D-09
   52.875000    3.7746648730233D-08  3.146D-09
   52.937500    3.7613192238136D-08  3.135D-09
   53.000000    3.7480363944290D-08  3.124D-09
   53.062500    3.7348160158127D-08  3.113D-09
   53.125000    3.7216577215027D-08  3.102D-09
   53.187500    3.7085611476130D-08  3.091D-09
   53.250000    3.6955259328155D-08  3.080D-09
   53.312500    3.6825517183158D-08  3.069D-09
   53.375000    3.6696381478302D-08  3.058D-09
   53.437500    3.6567848675729D-08  3.048D-09
   53.500000    3.6439915262275D-08  3.037D-09
   53.562500    3.6312577749302D-08  3.026D-09
   53.625000    3.6185832672529D-08  3.016D-09
   53.687500    3.6059676591769D-08  3.005D-09
   53.750000    3.5934106090802D-08  2.995D-09
   53.812500    3.5809117777130D-08  2.984D-09
   53.875000    3.5684708281791D-08  2.974D-09
   53.937500    3.5560874259207D-08  2.964D-09
   54.000000    3.5437612386955D-08  2.954D-09
   54.062500    3.5314919365596D-08  2.943D-09
   54.125000    3.5192791918495D-08  2.933D-09
   54.187500    3.5071226791612D-08  2.923D-09
   54.250000    3.4950220753360D-08  2.913D-09
   54.312500    3.4829770594387D-08  2.903D-09
   54.375000    3.4709873127429D-08  2.893D-09
   54.437500    3.4590525187101D-08  2.883D-09
   54.500000    3.4471723629758D-08  2.873D-09
   54.562500    3.4353465333287D-08  2.863D-09
   54.625000    3.4235747196965D-08  2.853D-09
   54.687500    3.4118566141250D-08  2.844D-09
   54.750000    3.4001919107672D-08  2.834D-09
   54.812500    3.3885803058582D-08  2.824D-09
   54.875000    3.3770214977084D-08  2.815D-09
   54.937500    3.3655151866796D-08  2.805D-09
   55.000000    3.3540610751699D-08  2.795D-09
   55.062500    3.3426588676018D-08  2.786D-09
   55.125000    3.3313082704001D-08  2.776D-09
   55.187500    3.3200089919825D-08  2.767D-09
   55.250000    3.3087607427371D-08  2.758D-09
   55.312500    3.2975632350129D-08  2.748D-09
   55.375000    3.2864161831003D-08  2.739D-09
   55.437500    3.2753193032189D-08  2.730D-09
   55.500000    3.2642723134980D-08  2.721D-09
   55.562500    3.2532749339683D-08  2.711D-09
   55.625000    3.2423268865381D-08  2.702D-09
   55.687500    3.2314278949885D-08  2.693D-09
   55.750000    3.2205776849504D-08  2.684D-09
   55.812500    3.2097759838955D-08  2.675D-09
   55.875000    3.1990225211177D-08  2.666D-09
   55.937500    3.1883170277219D-08  2.657D-09
   56.000000    3.1776592366105D-08  2.648D-09
   56.062500    3.1670488824669D-08  2.640D-09
   56.125000    3.1564857017412D-08  2.631D-09
   56.187500    3.1459694326401D-08  2.622D-09
   56.250000    3.1354998151112D-08  2.613D-09
   56.312500    3.1250765908265D-08  2.605D-09
   56.375000    3.1146995031775D-08  2.596D-09
   56.437500    3.1043682972505D-08  2.587D-09
   56.500000    3.0940827198233D-08  2.579D-09
   56.562500    3.0838425193469D-08  2.570D-09
   56.625000    3.0736474459339D-08  2.562D-09
   56.687500    3.0634972513478D-08  2.553D-09
   56.750000    3.0533916889858D-08  2.545D-09
   56.812500    3.0433305138689D-08  2.536D-09
   56.875000    3.0333134826317D-08  2.528D-09
   56.937500    3.0233403535048D-08  2.520D-09
   57.000000    3.0134108863083D-08  2.512D-09
   57.062500    3.0035248424351D-08  2.503D-09
   57.125000    2.9936819848409D-08  2.495D-09
   57.187500    2.9838820780311D-08  2.487D-09
   57.250000    2.9741248880526D-08  2.479D-09
   57.312500    2.9644101824765D-08  2.471D-09
   57.375000    2.9547377303893D-08  2.463D-09
   57.437500    2.9451073023842D-08  2.455D-09
   57.500000    2.9355186705457D-08  2.447D-09
   57.562500    2.9259716084376D-08  2.439D-09
   57.625000    2.9164658910956D-08  2.431D-09
   57.687500    2.9070012950135D-08  2.423D-09
   57.750000    2.8975775981349D-08  2.415D-09
   57.812500    2.8881945798370D-08  2.407D-09
   57.875000    2.8788520209252D-08  2.399D-09
   57.937500    2.8695497036212D-08  2.392D-09
   58.000000    2.8602874115489D-08  2.384D-09
   58.062500    2.8510649297279D-08  2.376D-09
   58.125000    2.8418820445609D-08  2.369D-09
   58.187500    2.8327385438242D-08  2.361D-09
   58.250000    2.8236342166577D-08  2.353D-09
   58.312500    2.8145688535527D-08  2.346D-09
   58.375000    2.8055422463452D-08  2.338D-09
   58.437500    2.7965541882019D-08  2.331D-09
   58.500000    2.7876044736142D-08  2.323D-09
   58.562500    2.7786928983842D-08  2.316D-09
   58.625000    2.7698192596180D-08  2.308D-09
   58.687500    2.7609833557163D-08  2.301D-09
   58.750000    2.7521849863631D-08  2.294D-09
   58.812500    2.7434239525155D-08  2.286D-09
   58.875000    2.7347000563972D-08  2.279D-09
   58.937500    2.7260131014855D-08  2.272D-09
   59.000000    2.7173628925049D-08  2.265D-09
   59.062500    2.7087492354180D-08  2.258D-09
   59.125000    2.7001719374141D-08  2.250D-09
   59.187500    2.6916308068997D-08  2.243D-09
   59.250000    2.6831256534960D-08  2.236D-09
   59.312500    2.6746562880188D-08  2.229D-09
   59.375000    2.6662225224818D-08  2.222D-09
   59.437500    2.6578241700781D-08  2.215D-09
   59.500000    2.6494610451782D-08  2.208D-09
   59.562500    2.6411329633163D-08  2.201D-09
   59.625000    2.6328397411856D-08  2.194D-09
   59.687500    2.6245811966277D-08  2.187D-09
   59.750000    2.6163571486266D-08  2.181D-09
   59.812500    2.6081674172962D-08  2.174D-09
   59.875000    2.6000118238763D-08  2.167D-09
   59.937500    2.5918901907212D-08  2.160D-09
   60.000000    2.5838023412946D-08  2.153D-09
   60.062500    2.5757481001594D-08  2.147D-09
   60.125000    2.5677272929702D-08  2.140D-09
   60.187500    2.5597397464646D-08  2.133D-09
   60.250000    2.5517852884573D-08  2.127D-09
   60.312500    2.5438637478315D-08  2.120D-09
   60.375000    2.5359749545292D-08  2.114D-09
   60.437500    2.5281187395473D-08  2.107D-09
   60.500000    2.5202949349284D-08  2.101D-09
   60.562500    2.5125033737493D-08  2.094D-09
   60.625000    2.5047438901200D-08  2.088D-09
   60.687500    2.4970163191735D-08  2.081D-09
   60.750000    2.4893204970564D-08  2.075D-09
   60.812500    2.4816562609251D-08  2.068D-09
   60.875000    2.4740234489361D-08  2.062D-09
   60.937500    2.4664219002411D-08  2.056D-09
   61.000000    2.4588514549767D-08  2.049D-09
   61.062500    2.4513119542603D-08  2.043D-09
   61.125000    2.4438032401807D-08  2.037D-09
   61.187500    2.4363251557952D-08  2.031D-09
   61.250000    2.4288775451171D-08  2.024D-09
   61.312500    2.4214602531126D-08  2.018D-09
   61.375000    2.4140731256928D-08  2.012D-09
   61.437500    2.4067160097092D-08  2.006D-09
   61.500000    2.3993887529428D-08  2.000D-09
   61.562500    2.3920912041006D-08  1.994D-09
   61.625000    2.3848232128099D-08  1.988D-09
   61.687500    2.3775846296075D-08  1.982D-09
   61.750000    2.3703753059390D-08  1.976D-09
   61.812500    2.3631950941463D-08  1.970D-09
   61.875000    2.3560438474667D-08  1.964D-09
   61.937500    2.3489214200225D-08  1.958D-09
   62.000000    2.3418276668169D-08  1.952D-09
   62.062500    2.3347624437299D-08  1.946D-09
   62.125000    2.3277256075059D-08  1.940D-09
   62.187500    2.3207170157528D-08  1.934D-09
   62.250000    2.3137365269368D-08  1.928D-09
   62.312500    2.3067840003698D-08  1.923D-09
   62.375000    2.2998592962110D-08  1.917D-09
   62.437500    2.2929622754568D-08  1.911D-09
   62.500000    2.2860927999356D-08  1.905D-09
   62.562500    2.2792507323039D-08  1.900D-09
   62.625000    2.2724359360364D-08  1.894D-09
   62.687500    2.2656482754249D-08  1.888D-09
   62.750000    2.2588876155691D-08  1.883D-09
   62.812500    2.2521538223742D-08  1.877D-09
   62.875000    2.2454467625423D-08  1.871D-09
   62.937500    2.2387663035675D-08  1.866D-09
   63.000000    2.2321123137324D-08  1.860D-09
   63.062500    2.2254846621016D-08  1.855D-09
   63.125000    2.2188832185147D-08  1.849D-09
   63.187500    2.2123078535828D-08  1.844D-09
   63.250000    2.2057584386820D-08  1.838D-09
   63.312500    2.1992348459506D-08  1.833D-09
   63.375000    2.1927369482792D-08  1.828D-09
   63.437500    2.1862646193097D-08  1.822D-09
   63.500000    2.1798177334300D-08  1.817D-09
   63.562500    2.1733961657658D-08  1.811D-09
   63.625000    2.1669997921774D-08  1.806D-09
   63.687500    2.1606284892560D-08  1.801D-09
   63.750000    2.1542821343171D-08  1.795D-09
   63.812500    2.1479606053933D-08  1.790D-09
   63.875000    2.1416637812345D-08  1.785D-09
   63.937500    2.1353915413007D-08  1.780D-09
   64.000000    2.1291437657537D-08  1.775D-09
   64.062500    2.1229203354589D-08  1.769D-09
   64.125000    2.1167211319755D-08  1.764D-09
   64.187500    2.1105460375520D-08  1.759D-09
   64.250000    2.1043949351263D-08  1.754D-09
   64.312500    2.0982677083135D-08  1.749D-09
   64.375000    2.0921642414087D-08  1.744D-09
   64.437500    2.0860844193770D-08  1.739D-09
   64.500000    2.0800281278521D-08  1.734D-09
   64.562500    2.0739952531307D-08  1.729D-09
   64.625000    2.0679856821668D-08  1.724D-09
   64.687500    2.0619993025697D-08  1.719D-09
   64.750000    2.0560360025993D-08  1.714D-09
   64.812500    2.0500956711574D-08  1.709D-09
   64.875000    2.0441781977908D-08  1.704D-09
   64.937500    2.0382834726805D-08  1.699D-09
   65.000000    2.0324113866398D-08  1.694D-09
   65.062500    2.0265618311111D-08  1.689D-09
   65.125000    2.0207346981612D-08  1.684D-09
   65.187500    2.0149298804751D-08  1.679D-09
   65.250000    2.0091472713544D-08  1.675D-09
   65.312500    2.0033867647116D-08  1.670D-09
   65.375000    1.9976482550675D-08  1.665D-09
   65.437500    1.9919316375447D-08  1.660D-09
   65.500000    1.9862368078676D-08  1.655D-09
   65.562500    1.9805636623522D-08  1.651D-09
   65.625000    1.9749120979105D-08  1.646D-09
   65.687500    1.9692820120386D-08  1.641D-09
   65.750000    1.9636733028171D-08  1.637D-09
   65.812500    1.9580858689056D-08  1.632D-09
   65.875000    1.9525196095414D-08  1.627D-09
   65.937500    1.9469744245322D-08  1.623D-09
   66.000000    1.9414502142530D-08  1.618D-09
   66.062500    1.9359468796465D-08  1.614D-09
   66.125000    1.9304643222131D-08  1.609D-09
   66.187500    1.9250024440129D-08  1.604D-09
   66.250000    1.9195611476563D-08  1.600D-09
   66.312500    1.9141403363051D-08  1.595D-09
   66.375000    1.9087399136675D-08  1.591D-09
   66.437500    1.9033597839939D-08  1.586D-09
   66.500000    1.8979998520746D-08  1.582D-09
   66.562500    1.8926600232329D-08  1.577D-09
   66.625000    1.8873402033260D-08  1.573D-09
   66.687500    1.8820402987401D-08  1.569D-09
   66.750000    1.8767602163835D-08  1.564D-09
   66.812500    1.8714998636896D-08  1.560D-09
   66.875000    1.8662591486069D-08  1.555D-09
   66.937500    1.8610379796006D-08  1.551D-09
   67.000000    1.8558362656468D-08  1.547D-09
   67.062500    1.8506539162301D-08  1.542D-09
   67.125000    1.8454908413388D-08  1.538D-09
   67.187500    1.8403469514636D-08  1.534D-09
   67.250000    1.8352221575918D-08  1.530D-09
   67.312500    1.8301163712095D-08  1.525D-09
   67.375000    1.8250295042906D-08  1.521D-09
   67.437500    1.8199614692985D-08  1.517D-09
   67.500000    1.8149121791853D-08  1.513D-09
   67.562500    1.8098815473802D-08  1.508D-09
   67.625000    1.8048694877961D-08  1.504D-09
   67.687500    1.7998759148187D-08  1.500D-09
   67.750000    1.7949007433102D-08  1.496D-09
   67.812500    1.7899438885987D-08  1.492D-09
   67.875000    1.7850052664823D-08  1.488D-09
   67.937500    1.7800847932231D-08  1.484D-09
   68.000000    1.7751823855427D-08  1.480D-09
   68.062500    1.7702979606207D-08  1.475D-09
   68.125000    1.7654314360932D-08  1.471D-09
   68.187500    1.7605827300477D-08  1.467D-09
   68.250000    1.7557517610215D-08  1.463D-09
   68.312500    1.7509384479959D-08  1.459D-09
   68.375000    1.7461427103996D-08  1.455D-09
   68.437500    1.7413644681007D-08  1.451D-09
   68.500000    1.7366036414032D-08  1.447D-09
   68.562500    1.7318601510481D-08  1.443D-09
   68.625000    1.7271339182085D-08  1.439D-09
   68.687500    1.7224248644873D-08  1.436D-09
   68.750000    1.7177329119142D-08  1.432D-09
   68.812500    1.7130579829428D-08  1.428D-09
   68.875000    1.7084000004489D-08  1.424D-09
   68.937500    1.7037588877264D-08  1.420D-09
   69.000000    1.6991345684841D-08  1.416D-09
   69.062500    1.6945269668477D-08  1.412D-09
   69.125000    1.6899360073520D-08  1.408D-09
   69.187500    1.6853616149391D-08  1.405D-09
   69.250000    1.6808037149572D-08  1.401D-09
   69.312500    1.6762622331607D-08  1.397D-09
   69.375000    1.6717370957009D-08  1.393D-09
   69.437500    1.6672282291293D-08  1.390D-09
   69.500000    1.6627355603919D-08  1.386D-09
   69.562500    1.6582590168278D-08  1.382D-09
   69.625000    1.6537985261697D-08  1.378D-09
   69.687500    1.6493540165341D-08  1.375D-09
   69.750000    1.6449254164270D-08  1.371D-09
   69.812500    1.6405126547357D-08  1.367D-09
   69.875000    1.6361156607294D-08  1.364D-09
   69.937500    1.6317343640563D-08  1.360D-09
   70.000000    1.6273686947380D-08  1.356D-09
   70.062500    1.6230185831745D-08  1.353D-09
   70.125000    1.6186839601348D-08  1.349D-09
   70.187500    1.6143647567580D-08  1.345D-09
   70.250000    1.6100609045483D-08  1.342D-09
   70.312500    1.6057723353768D-08  1.338D-09
   70.375000    1.6014989814767D-08  1.335D-09
   70.437500    1.5972407754407D-08  1.331D-09
   70.500000    1.5929976502205D-08  1.328D-09
   70.562500    1.5887695391215D-08  1.324D-09
   70.625000    1.5845563758057D-08  1.321D-09
   70.687500    1.5803580942825D-08  1.317D-09
   70.750000    1.5761746289152D-08  1.314D-09
   70.812500    1.5720059144112D-08  1.310D-09
   70.875000    1.5678518858224D-08  1.307D-09
   70.937500    1.5637124785450D-08  1.303D-09
   71.000000    1.5595876283155D-08  1.300D-09
   71.062500    1.5554772712096D-08  1.296D-09
   71.125000    1.5513813436361D-08  1.293D-09
   71.187500    1.5472997823439D-08  1.290D-09
   71.250000    1.5432325244088D-08  1.286D-09
   71.312500    1.5391795072417D-08  1.283D-09
   71.375000    1.5351406685774D-08  1.279D-09
   71.437500    1.5311159464804D-08  1.276D-09
   71.500000    1.5271052793381D-08  1.273D-09
   71.562500    1.5231086058605D-08  1.269D-09
   71.625000    1.5191258650774D-08  1.266D-09
   71.687500    1.5151569963391D-08  1.263D-09
   71.750000    1.5112019393084D-08  1.260D-09
   71.812500    1.5072606339678D-08  1.256D-09
   71.875000    1.5033330206080D-08  1.253D-09
   71.937500    1.4994190398331D-08  1.250D-09
   72.000000    1.4955186325546D-08  1.246D-09
   72.062500    1.4916317399924D-08  1.243D-09
   72.125000    1.4877583036713D-08  1.240D-09
   72.187500    1.4838982654174D-08  1.237D-09
   72.250000    1.4800515673609D-08  1.234D-09
   72.312500    1.4762181519301D-08  1.230D-09
   72.375000    1.4723979618521D-08  1.227D-09
   72.437500    1.4685909401493D-08  1.224D-09
   72.500000    1.4647970301375D-08  1.221D-09
   72.562500    1.4610161754278D-08  1.218D-09
   72.625000    1.4572483199198D-08  1.215D-09
   72.687500    1.4534934078018D-08  1.211D-09
   72.750000    1.4497513835510D-08  1.208D-09
   72.812500    1.4460221919291D-08  1.205D-09
   72.875000    1.4423057779823D-08  1.202D-09
   72.937500    1.4386020870374D-08  1.199D-09
   73.000000    1.4349110647027D-08  1.196D-09
   73.062500    1.4312326568649D-08  1.193D-09
   73.125000    1.4275668096890D-08  1.190D-09
   73.187500    1.4239134696146D-08  1.187D-09
   73.250000    1.4202725833552D-08  1.184D-09
   73.312500    1.4166440978948D-08  1.181D-09
   73.375000    1.4130279604893D-08  1.178D-09
   73.437500    1.4094241186662D-08  1.175D-09
   73.500000    1.4058325202147D-08  1.172D-09
   73.562500    1.4022531131950D-08  1.169D-09
   73.625000    1.3986858459287D-08  1.166D-09
   73.687500    1.3951306669999D-08  1.163D-09
   73.750000    1.3915875252537D-08  1.160D-09
   73.812500    1.3880563697984D-08  1.157D-09
   73.875000    1.3845371499946D-08  1.154D-09
   73.937500    1.3810298154621D-08  1.151D-09
   74.000000    1.3775343160771D-08  1.148D-09
   74.062500    1.3740506019665D-08  1.145D-09
   74.125000    1.3705786235112D-08  1.142D-09
   74.187500    1.3671183313412D-08  1.139D-09
   74.250000    1.3636696763352D-08  1.137D-09
   74.312500    1.3602326096216D-08  1.134D-09
   74.375000    1.3568070825720D-08  1.131D-09
   74.437500    1.3533930468045D-08  1.128D-09
   74.500000    1.3499904541806D-08  1.125D-09
   74.562500    1.3465992568031D-08  1.122D-09
   74.625000    1.3432194070131D-08  1.120D-09
   74.687500    1.3398508573949D-08  1.117D-09
   74.750000    1.3364935607660D-08  1.114D-09
   74.812500    1.3331474701820D-08  1.111D-09
   74.875000    1.3298125389338D-08  1.108D-09
   74.937500    1.3264887205463D-08  1.106D-09
   75.000000    1.3231759687723D-08  1.103D-09
   75.062500    1.3198742376018D-08  1.100D-09
   75.125000    1.3165834812475D-08  1.097D-09
   75.187500    1.3133036541553D-08  1.095D-09
   75.250000    1.3100347109959D-08  1.092D-09
   75.312500    1.3067766066636D-08  1.089D-09
   75.375000    1.3035292962788D-08  1.086D-09
   75.437500    1.3002927351856D-08  1.084D-09
   75.500000    1.2970668789476D-08  1.081D-09
   75.562500    1.2938516833494D-08  1.078D-09
   75.625000    1.2906471043940D-08  1.076D-09
   75.687500    1.2874530983030D-08  1.073D-09
   75.750000    1.2842696215139D-08  1.070D-09
   75.812500    1.2810966306793D-08  1.068D-09
   75.875000    1.2779340826655D-08  1.065D-09
   75.937500    1.2747819345524D-08  1.062D-09
   76.000000    1.2716401436310D-08  1.060D-09
   76.062500    1.2685086674019D-08  1.057D-09
   76.125000    1.2653874635761D-08  1.055D-09
   76.187500    1.2622764900707D-08  1.052D-09
   76.250000    1.2591757050102D-08  1.049D-09
   76.312500    1.2560850667264D-08  1.047D-09
   76.375000    1.2530045337522D-08  1.044D-09
   76.437500    1.2499340648268D-08  1.042D-09
   76.500000    1.2468736188883D-08  1.039D-09
   76.562500    1.2438231550782D-08  1.037D-09
   76.625000    1.2407826327369D-08  1.034D-09
   76.687500    1.2377520114028D-08  1.032D-09
   76.750000    1.2347312508114D-08  1.029D-09
   76.812500    1.2317203108951D-08  1.027D-09
   76.875000    1.2287191517833D-08  1.024D-09
   76.937500    1.2257277337953D-08  1.022D-09
   77.000000    1.2227460174481D-08  1.019D-09
   77.062500    1.2197739634468D-08  1.017D-09
   77.125000    1.2168115326892D-08  1.014D-09
   77.187500    1.2138586862627D-08  1.012D-09
   77.250000    1.2109153854426D-08  1.009D-09
   77.312500    1.2079815916920D-08  1.007D-09
   77.375000    1.2050572666615D-08  1.004D-09
   77.437500    1.2021423721853D-08  1.002D-09
   77.500000    1.1992368702845D-08  9.995D-10
   77.562500    1.1963407231604D-08  9.971D-10
   77.625000    1.1934538932002D-08  9.947D-10
   77.687500    1.1905763429694D-08  9.923D-10
   77.750000    1.1877080352161D-08  9.899D-10
   77.812500    1.1848489328657D-08  9.875D-10
   77.875000    1.1819989990232D-08  9.851D-10
   77.937500    1.1791581969700D-08  9.828D-10
   78.000000    1.1763264901657D-08  9.804D-10
   78.062500    1.1735038422423D-08  9.781D-10
   78.125000    1.1706902170093D-08  9.757D-10
   78.187500    1.1678855784463D-08  9.734D-10
   78.250000    1.1650898907070D-08  9.710D-10
   78.312500    1.1623031181178D-08  9.687D-10
   78.375000    1.1595252251727D-08  9.664D-10
   78.437500    1.1567561765373D-08  9.641D-10
   78.500000    1.1539959370452D-08  9.618D-10
   78.562500    1.1512444716981D-08  9.595D-10
   78.625000    1.1485017456627D-08  9.572D-10
   78.687500    1.1457677242740D-08  9.549D-10
   78.750000    1.1430423730286D-08  9.527D-10
   78.812500    1.1403256575917D-08  9.504D-10
   78.875000    1.1376175437868D-08  9.481D-10
   78.937500    1.1349179976029D-08  9.459D-10
   79.000000    1.1322269851876D-08  9.437D-10
   79.062500    1.1295444728514D-08  9.414D-10
   79.125000    1.1268704270618D-08  9.392D-10
   79.187500    1.1242048144472D-08  9.370D-10
   79.250000    1.1215476017925D-08  9.347D-10
   79.312500    1.1188987560386D-08  9.325D-10
   79.375000    1.1162582442852D-08  9.303D-10
   79.437500    1.1136260337836D-08  9.281D-10
   79.500000    1.1110020919408D-08  9.260D-10
   79.562500    1.1083863863187D-08  9.238D-10
   79.625000    1.1057788846305D-08  9.216D-10
   79.687500    1.1031795547405D-08  9.194D-10
   79.750000    1.1005883646640D-08  9.173D-10
   79.812500    1.0980052825685D-08  9.151D-10
   79.875000    1.0954302767686D-08  9.130D-10
   79.937500    1.0928633157287D-08  9.108D-10
   80.000000    1.0903043680585D-08  9.087D-10
   80.062500    1.0877534025174D-08  9.066D-10
   80.125000    1.0852103880080D-08  9.045D-10
   80.187500    1.0826752935827D-08  9.024D-10
   80.250000    1.0801480884329D-08  9.002D-10
   80.312500    1.0776287418966D-08  8.981D-10
   80.375000    1.0751172234542D-08  8.961D-10
   80.437500    1.0726135027294D-08  8.940D-10
   80.500000    1.0701175494841D-08  8.919D-10
   80.562500    1.0676293336248D-08  8.898D-10
   80.625000    1.0651488251938D-08  8.877D-10
   80.687500    1.0626759943760D-08  8.857D-10
   80.750000    1.0602108114915D-08  8.836D-10
   80.812500    1.0577532470005D-08  8.816D-10
   80.875000    1.0553032714984D-08  8.795D-10
   80.937500    1.0528608557168D-08  8.775D-10
   81.000000    1.0504259705244D-08  8.755D-10
   81.062500    1.0479985869210D-08  8.735D-10
   81.125000    1.0455786760446D-08  8.714D-10
   81.187500    1.0431662091631D-08  8.694D-10
   81.250000    1.0407611576775D-08  8.674D-10
   81.312500    1.0383634931210D-08  8.654D-10
   81.375000    1.0359731871586D-08  8.634D-10
   81.437500    1.0335902115832D-08  8.614D-10
   81.500000    1.0312145383211D-08  8.595D-10
   81.562500    1.0288461394231D-08  8.575D-10
   81.625000    1.0264849870710D-08  8.555D-10
   81.687500    1.0241310535747D-08  8.536D-10
   81.750000    1.0217843113689D-08  8.516D-10
   81.812500    1.0194447330160D-08  8.497D-10
   81.875000    1.0171122912024D-08  8.477D-10
   81.937500    1.0147869587403D-08  8.458D-10
   82.000000    1.0124687085677D-08  8.438D-10
   82.062500    1.0101575137433D-08  8.419D-10
   82.125000    1.0078533474497D-08  8.400D-10
   82.187500    1.0055561829920D-08  8.381D-10
   82.250000    1.0032659937973D-08  8.362D-10
   82.312500    1.0009827534123D-08  8.343D-10
   82.375000    9.9870643550626D-09  8.324D-10
   82.437500    9.9643701386424D-09  8.305D-10
   82.500000    9.9417446239390D-09  8.286D-10
   82.562500    9.9191875512056D-09  8.267D-10
   82.625000    9.8966986618608D-09  8.248D-10
   82.687500    9.8742776984993D-09  8.230D-10
   82.750000    9.8519244048816D-09  8.211D-10
   82.812500    9.8296385259337D-09  8.192D-10
   82.875000    9.8074198077164D-09  8.174D-10
   82.937500    9.7852679974667D-09  8.155D-10
   83.000000    9.7631828435354D-09  8.137D-10
   83.062500    9.7411640954187D-09  8.119D-10
   83.125000    9.7192115037474D-09  8.100D-10
   83.187500    9.6973248202560D-09  8.082D-10
   83.250000    9.6755037978138D-09  8.064D-10
   83.312500    9.6537481903942D-09  8.046D-10
   83.375000    9.6320577530845D-09  8.028D-10
   83.437500    9.6104322420654D-09  8.010D-10
   83.500000    9.5888714146009D-09  7.992D-10
   83.562500    9.5673750290486D-09  7.974D-10
   83.625000    9.5459428448596D-09  7.956D-10
   83.687500    9.5245746225576D-09  7.938D-10
   83.750000    9.5032701237293D-09  7.920D-10
   83.812500    9.4820291110339D-09  7.903D-10
   83.875000    9.4608513481831D-09  7.885D-10
   83.937500    9.4397365999614D-09  7.868D-10
   84.000000    9.4186846321643D-09  7.850D-10
   84.062500    9.3976952116807D-09  7.832D-10
   84.125000    9.3767681063901D-09  7.815D-10
   84.187500    9.3559030852447D-09  7.798D-10
   84.250000    9.3350999181873D-09  7.780D-10
   84.312500    9.3143583762229D-09  7.763D-10
   84.375000    9.2936782313369D-09  7.746D-10
   84.437500    9.2730592565463D-09  7.729D-10
   84.500000    9.2525012258583D-09  7.711D-10
   84.562500    9.2320039143119D-09  7.694D-10
   84.625000    9.2115670978950D-09  7.677D-10
   84.687500    9.1911905536378D-09  7.660D-10
   84.750000    9.1708740595193D-09  7.643D-10
   84.812500    9.1506173944988D-09  7.627D-10
   84.875000    9.1304203385465D-09  7.610D-10
   84.937500    9.1102826725714D-09  7.593D-10
   85.000000    9.0902041784419D-09  7.576D-10
   85.062500    9.0701846390170D-09  7.560D-10
   85.125000    9.0502238380942D-09  7.543D-10
   85.187500    9.0303215604101D-09  7.526D-10
   85.250000    9.0104775916709D-09  7.510D-10
   85.312500    8.9906917185010D-09  7.493D-10
   85.375000    8.9709637284843D-09  7.477D-10
   85.437500    8.9512934101229D-09  7.460D-10
   85.500000    8.9316805528369D-09  7.444D-10
   85.562500    8.9121249469855D-09  7.428D-10
   85.625000    8.8926263838459D-09  7.412D-10
   85.687500    8.8731846555723D-09  7.395D-10
   85.750000    8.8537995552784D-09  7.379D-10
   85.812500    8.8344708769546D-09  7.363D-10
   85.875000    8.8151984154789D-09  7.347D-10
   85.937500    8.7959819666472D-09  7.331D-10
   86.000000    8.7768213271222D-09  7.315D-10
   86.062500    8.7577162944743D-09  7.299D-10
   86.125000    8.7386666671304D-09  7.283D-10
   86.187500    8.7196722444253D-09  7.267D-10
   86.250000    8.7007328265292D-09  7.252D-10
   86.312500    8.6818482145101D-09  7.236D-10
   86.375000    8.6630182102716D-09  7.220D-10
   86.437500    8.6442426165944D-09  7.205D-10
   86.500000    8.6255212371049D-09  7.189D-10
   86.562500    8.6068538762861D-09  7.173D-10
   86.625000    8.5882403394770D-09  7.158D-10
   86.687500    8.5696804328114D-09  7.142D-10
   86.750000    8.5511739633203D-09  7.127D-10
   86.812500    8.5327207388295D-09  7.112D-10
   86.875000    8.5143205680001D-09  7.096D-10
   86.937500    8.4959732603291D-09  7.081D-10
   87.000000    8.4776786261183D-09  7.066D-10
   87.062500    8.4594364764947D-09  7.050D-10
   87.125000    8.4412466234004D-09  7.035D-10
   87.187500    8.4231088795617D-09  7.020D-10
   87.250000    8.4050230585508D-09  7.005D-10
   87.312500    8.3869889747138D-09  6.990D-10
   87.375000    8.3690064431808D-09  6.975D-10
   87.437500    8.3510752799073D-09  6.960D-10
   87.500000    8.3331953016021D-09  6.945D-10
   87.562500    8.3153663257785D-09  6.930D-10
   87.625000    8.2975881707238D-09  6.916D-10
   87.687500    8.2798606555094D-09  6.901D-10
   87.750000    8.2621835999804D-09  6.886D-10
   87.812500    8.2445568247248D-09  6.871D-10
   87.875000    8.2269801511147D-09  6.857D-10
   87.937500    8.2094534012961D-09  6.842D-10
   88.000000    8.1919763981577D-09  6.828D-10
   88.062500    8.1745489653311D-09  6.813D-10
   88.125000    8.1571709272013D-09  6.799D-10
   88.187500    8.1398421089267D-09  6.784D-10
   88.250000    8.1225623363778D-09  6.770D-10
   88.312500    8.1053314361785D-09  6.755D-10
   88.375000    8.0881492356643D-09  6.741D-10
   88.437500    8.0710155629446D-09  6.727D-10
   88.500000    8.0539302468200D-09  6.713D-10
   88.562500    8.0368931168239D-09  6.698D-10
   88.625000    8.0199040032117D-09  6.684D-10
   88.687500    8.0029627369714D-09  6.670D-10
   88.750000    7.9860691497823D-09  6.656D-10
   88.812500    7.9692230740459D-09  6.642D-10
   88.875000    7.9524243428550D-09  6.628D-10
   88.937500    7.9356727900350D-09  6.614D-10
   89.000000    7.9189682500716D-09  6.600D-10
   89.062500    7.9023105581830D-09  6.586D-10
   89.125000    7.8856995502581D-09  6.572D-10
   89.187500    7.8691350628770D-09  6.559D-10
   89.250000    7.8526169333217D-09  6.545D-10
   89.312500    7.8361449995341D-09  6.531D-10
   89.375000    7.8197191001477D-09  6.517D-10
   89.437500    7.8033390744872D-09  6.504D-10
   89.500000    7.7870047625066D-09  6.490D-10
   89.562500    7.7707160048721D-09  6.476D-10
   89.625000    7.7544726428995D-09  6.463D-10
   89.687500    7.7382745185550D-09  6.449D-10
   89.750000    7.7221214744959D-09  6.436D-10
   89.812500    7.7060133539987D-09  6.423D-10
   89.875000    7.6899500010207D-09  6.409D-10
   89.937500    7.6739312601590D-09  6.396D-10
   90.000000    7.6579569766609D-09  6.382D-10
   90.062500    7.6420269964130D-09  6.369D-10
   90.125000    7.6261411659421D-09  6.356D-10
   90.187500    7.6102993324143D-09  6.343D-10
   90.250000    7.5945013436254D-09  6.330D-10
   90.312500    7.5787470480106D-09  6.316D-10
   90.375000    7.5630362946452D-09  6.303D-10
   90.437500    7.5473689331924D-09  6.290D-10
   90.500000    7.5317448139756D-09  6.277D-10
   90.562500    7.5161637879170D-09  6.264D-10
   90.625000    7.5006257065474D-09  6.251D-10
   90.687500    7.4851304220475D-09  6.238D-10
   90.750000    7.4696777871657D-09  6.226D-10
   90.812500    7.4542676552797D-09  6.213D-10
   90.875000    7.4388998803760D-09  6.200D-10
   90.937500    7.4235743170189D-09  6.187D-10
   91.000000    7.4082908204021D-09  6.174D-10
   91.062500    7.3930492462972D-09  6.162D-10
   91.125000    7.3778494510638D-09  6.149D-10
   91.187500    7.3626912916704D-09  6.136D-10
   91.250000    7.3475746256528D-09  6.124D-10
   91.312500    7.3324993111353D-09  6.111D-10
   91.375000    7.3174652068506D-09  6.099D-10
   91.437500    7.3024721720681D-09  6.086D-10
   91.500000    7.2875200666557D-09  6.074D-10
   91.562500    7.2726087510590D-09  6.061D-10
   91.625000    7.2577380862914D-09  6.049D-10
   91.687500    7.2429079339127D-09  6.037D-10
   91.750000    7.2281181560919D-09  6.024D-10
   91.812500    7.2133686155034D-09  6.012D-10
   91.875000    7.1986591754407D-09  6.000D-10
   91.937500    7.1839896997132D-09  5.987D-10
   92.000000    7.1693600526980D-09  5.975D-10
   92.062500    7.1547700993189D-09  5.963D-10
   92.125000    7.1402197050671D-09  5.951D-10
   92.187500    7.1257087359501D-09  5.939D-10
   92.250000    7.1112370585528D-09  5.927D-10
   92.312500    7.0968045399763D-09  5.915D-10
   92.375000    7.0824110478685D-09  5.903D-10
   92.437500    7.0680564504241D-09  5.891D-10
   92.500000    7.0537406163539D-09  5.879D-10
   92.562500    7.0394634149155D-09  5.867D-10
   92.625000    7.0252247158719D-09  5.855D-10
   92.687500    7.0110243895540D-09  5.843D-10
   92.750000    6.9968623067774D-09  5.832D-10
   92.812500    6.9827383388840D-09  5.820D-10
   92.875000    6.9686523577626D-09  5.808D-10
   92.937500    6.9546042357870D-09  5.796D-10
   93.000000    6.9405938458675D-09  5.785D-10
   93.062500    6.9266210614097D-09  5.773D-10
   93.125000    6.9126857563353D-09  5.761D-10
   93.187500    6.8987878050713D-09  5.750D-10
   93.250000    6.8849270825507D-09  5.738D-10
   93.312500    6.8711034642116D-09  5.727D-10
   93.375000    6.8573168259880D-09  5.715D-10
   93.437500    6.8435670443190D-09  5.704D-10
   93.500000    6.8298539961083D-09  5.692D-10
   93.562500    6.8161775588065D-09  5.681D-10
   93.625000    6.8025376102975D-09  5.670D-10
   93.687500    6.7889340290018D-09  5.658D-10
   93.750000    6.7753666937938D-09  5.647D-10
   93.812500    6.7618354840332D-09  5.636D-10
   93.875000    6.7483402795850D-09  5.624D-10
   93.937500    6.7348809607684D-09  5.613D-10
   94.000000    6.7214574083978D-09  5.602D-10
   94.062500    6.7080695037520D-09  5.591D-10
   94.125000    6.6947171285742D-09  5.580D-10
   94.187500    6.6814001650925D-09  5.569D-10
   94.250000    6.6681184959994D-09  5.558D-10
   94.312500    6.6548720044620D-09  5.546D-10
   94.375000    6.6416605740911D-09  5.535D-10
   94.437500    6.6284840889723D-09  5.524D-10
   94.500000    6.6153424336451D-09  5.514D-10
   94.562500    6.6022354931031D-09  5.503D-10
   94.625000    6.5891631528249D-09  5.492D-10
   94.687500    6.5761252987018D-09  5.481D-10
   94.750000    6.5631218170998D-09  5.470D-10
   94.812500    6.5501525948183D-09  5.459D-10
   94.875000    6.5372175191210D-09  5.448D-10
   94.937500    6.5243164777051D-09  5.438D-10
   95.000000    6.5114493587218D-09  5.427D-10
   95.062500    6.4986160507452D-09  5.416D-10
   95.125000    6.4858164428038D-09  5.406D-10
   95.187500    6.4730504243591D-09  5.395D-10
   95.250000    6.4603178852960D-09  5.384D-10
   95.312500    6.4476187159532D-09  5.374D-10
   95.375000    6.4349528070927D-09  5.363D-10
   95.437500    6.4223200498788D-09  5.353D-10
   95.500000    6.4097203359505D-09  5.342D-10
   95.562500    6.3971535573389D-09  5.332D-10
   95.625000    6.3846196064982D-09  5.321D-10
   95.687500    6.3721183763161D-09  5.311D-10
   95.750000    6.3596497601033D-09  5.300D-10
   95.812500    6.3472136515625D-09  5.290D-10
   95.875000    6.3348099448404D-09  5.280D-10
   95.937500    6.3224385344860D-09  5.269D-10
   96.000000    6.3100993154506D-09  5.259D-10
   96.062500    6.2977921830986D-09  5.249D-10
   96.125000    6.2855170332275D-09  5.239D-10
   96.187500    6.2732737620064D-09  5.228D-10
   96.250000    6.2610622660276D-09  5.218D-10
   96.312500    6.2488824422650D-09  5.208D-10
   96.375000    6.2367341881365D-09  5.198D-10
   96.437500    6.2246174014001D-09  5.188D-10
   96.500000    6.2125319802684D-09  5.178D-10
   96.562500    6.2004778233045D-09  5.168D-10
   96.625000    6.1884548294842D-09  5.158D-10
   96.687500    6.1764628981757D-09  5.148D-10
   96.750000    6.1645019291290D-09  5.138D-10
   96.812500    6.1525718224962D-09  5.128D-10
   96.875000    6.1406724787910D-09  5.118D-10
   96.937500    6.1288037989396D-09  5.108D-10
   97.000000    6.1169656842399D-09  5.098D-10
   97.062500    6.1051580363612D-09  5.088D-10
   97.125000    6.0933807573544D-09  5.079D-10
   97.187500    6.0816337496733D-09  5.069D-10
   97.250000    6.0699169161016D-09  5.059D-10
   97.312500    6.0582301598461D-09  5.049D-10
   97.375000    6.0465733844543D-09  5.039D-10
   97.437500    6.0349464938451D-09  5.030D-10
   97.500000    6.0233493923193D-09  5.020D-10
   97.562500    6.0117819845593D-09  5.010D-10
   97.625000    6.0002441755677D-09  5.001D-10
   97.687500    5.9887358707494D-09  4.991D-10
   97.750000    5.9772569758705D-09  4.982D-10
   97.812500    5.9658073970273D-09  4.972D-10
   97.875000    5.9543870407186D-09  4.963D-10
   97.937500    5.9429958137630D-09  4.953D-10
   98.000000    5.9316336233715D-09  4.944D-10
   98.062500    5.9203003770644D-09  4.934D-10
   98.125000    5.9089959827543D-09  4.925D-10
   98.187500    5.8977203486943D-09  4.915D-10
   98.250000    5.8864733834780D-09  4.906D-10
   98.312500    5.8752549960500D-09  4.897D-10
   98.375000    5.8640650957057D-09  4.887D-10
   98.437500    5.8529035921015D-09  4.878D-10
   98.500000    5.8417703952038D-09  4.869D-10
   98.562500    5.8306654153397D-09  4.860D-10
   98.625000    5.8195885631876D-09  4.850D-10
   98.687500    5.8085397497456D-09  4.841D-10
   98.750000    5.7975188863522D-09  4.832D-10
   98.812500    5.7865258846971D-09  4.823D-10
   98.875000    5.7755606567897D-09  4.814D-10
   98.937500    5.7646231149696D-09  4.805D-10
   99.000000    5.7537131719378D-09  4.795D-10
   99.062500    5.7428307406737D-09  4.786D-10
   99.125000    5.7319757345490D-09  4.777D-10
   99.187500    5.7211480672037D-09  4.768D-10
   99.250000    5.7103476526388D-09  4.759D-10
   99.312500    5.6995744051651D-09  4.750D-10
   99.375000    5.6888282394340D-09  4.741D-10
   99.437500    5.6781090703959D-09  4.732D-10
   99.500000    5.6674168133420D-09  4.723D-10
   99.562500    5.6567513838524D-09  4.715D-10
   99.625000    5.6461126978580D-09  4.706D-10
   99.687500    5.6355006715993D-09  4.697D-10
   99.750000    5.6249152216059D-09  4.688D-10
   99.812500    5.6143562647478D-09  4.679D-10
   99.875000    5.6038237182046D-09  4.670D-10
   99.937500    5.5933174994449D-09  4.662D-10
  100.000000    5.5828375262779D-09  4.653D-10
  100.062500    5.5723837167913D-09  4.644D-10
  100.125000    5.5619559894033D-09  4.636D-10
  100.187500    5.5515542628103D-09  4.627D-10
  100.250000    5.5411784560395D-09  4.618D-10
  100.312500    5.5308284884065D-09  4.610D-10
  100.375000    5.5205042795369D-09  4.601D-10
  100.437500    5.5102057493347D-09  4.592D-10
  100.500000    5.4999328180343D-09  4.584D-10
  100.562500    5.4896854061486D-09  4.575D-10
  100.625000    5.4794634344795D-09  4.567D-10
  100.687500    5.4692668241386D-09  4.558D-10
  100.750000    5.4590954965161D-09  4.550D-10
  100.812500    5.4489493733220D-09  4.541D-10
  100.875000    5.4388283765140D-09  4.533D-10
  100.937500    5.4287324283905D-09  4.525D-10
  101.000000    5.4186614514975D-09  4.516D-10
  101.062500    5.4086153686803D-09  4.508D-10
  101.125000    5.3985941030731D-09  4.499D-10
  101.187500    5.3885975780991D-09  4.491D-10
  101.250000    5.3786257174498D-09  4.483D-10
  101.312500    5.3686784451161D-09  4.475D-10
  101.375000    5.3587556853673D-09  4.466D-10
  101.437500    5.3488573627310D-09  4.458D-10
  101.500000    5.3389834020544D-09  4.450D-10
  101.562500    5.3291337284121D-09  4.442D-10
  101.625000    5.3193082671880D-09  4.433D-10
  101.687500    5.3095069440344D-09  4.425D-10
  101.750000    5.2997296848824D-09  4.417D-10
  101.812500    5.2899764159208D-09  4.409D-10
  101.875000    5.2802470636278D-09  4.401D-10
  101.937500    5.2705415547288D-09  4.393D-10
  102.000000    5.2608598162385D-09  4.385D-10
  102.062500    5.2512017754398D-09  4.377D-10
  102.125000    5.2415673598633D-09  4.369D-10
  102.187500    5.2319564973286D-09  4.361D-10
  102.250000    5.2223691159029D-09  4.353D-10
  102.312500    5.2128051439218D-09  4.345D-10
  102.375000    5.2032645099892D-09  4.337D-10
  102.437500    5.1937471429669D-09  4.329D-10
  102.500000    5.1842529719647D-09  4.321D-10
  102.562500    5.1747819263604D-09  4.313D-10
  102.625000    5.1653339358106D-09  4.305D-10
  102.687500    5.1559089301885D-09  4.297D-10
  102.750000    5.1465068396462D-09  4.289D-10
  102.812500    5.1371275945935D-09  4.282D-10
  102.875000    5.1277711256984D-09  4.274D-10
  102.937500    5.1184373638455D-09  4.266D-10
  103.000000    5.1091262402086D-09  4.258D-10
  103.062500    5.0998376861986D-09  4.250D-10
  103.125000    5.0905716334845D-09  4.243D-10
  103.187500    5.0813280139625D-09  4.235D-10
  103.250000    5.0721067597865D-09  4.227D-10
  103.312500    5.0629078033687D-09  4.220D-10
  103.375000    5.0537310773482D-09  4.212D-10
  103.437500    5.0445765146222D-09  4.204D-10
  103.500000    5.0354440483251D-09  4.197D-10
  103.562500    5.0263336118184D-09  4.189D-10
  103.625000    5.0172451387322D-09  4.182D-10
  103.687500    5.0081785629233D-09  4.174D-10
  103.750000    4.9991338184756D-09  4.167D-10
  103.812500    4.9901108397313D-09  4.159D-10
  103.875000    4.9811095612593D-09  4.151D-10
  103.937500    4.9721299178660D-09  4.144D-10
  104.000000    4.9631718445953D-09  4.137D-10
  104.062500    4.9542352767076D-09  4.129D-10
  104.125000    4.9453201497214D-09  4.122D-10
  104.187500    4.9364263993824D-09  4.114D-10
  104.250000    4.9275539616528D-09  4.107D-10
  104.312500    4.9187027727323D-09  4.099D-10
  104.375000    4.9098727690475D-09  4.092D-10
  104.437500    4.9010638872628D-09  4.085D-10
  104.500000    4.8922760642587D-09  4.077D-10
  104.562500    4.8835092371536D-09  4.070D-10
  104.625000    4.8747633432720D-09  4.063D-10
  104.687500    4.8660383201862D-09  4.056D-10
  104.750000    4.8573341056750D-09  4.048D-10
  104.812500    4.8486506377337D-09  4.041D-10
  104.875000    4.8399878546056D-09  4.034D-10
  104.937500    4.8313456947401D-09  4.027D-10
  105.000000    4.8227240967933D-09  4.019D-10
  105.062500    4.8141229996480D-09  4.012D-10
  105.125000    4.8055423424248D-09  4.005D-10
  105.187500    4.7969820644400D-09  3.998D-10
  105.250000    4.7884421052165D-09  3.991D-10
  105.312500    4.7799224045251D-09  3.984D-10
  105.375000    4.7714229023322D-09  3.977D-10
  105.437500    4.7629435388006D-09  3.970D-10
  105.500000    4.7544842543409D-09  3.963D-10
  105.562500    4.7460449895389D-09  3.956D-10
  105.625000    4.7376256852283D-09  3.949D-10
  105.687500    4.7292262824283D-09  3.942D-10
  105.750000    4.7208467223648D-09  3.935D-10
  105.812500    4.7124869464907D-09  3.928D-10
  105.875000    4.7041468964445D-09  3.921D-10
  105.937500    4.6958265140919D-09  3.914D-10
  106.000000    4.6875257414740D-09  3.907D-10
  106.062500    4.6792445208797D-09  3.900D-10
  106.125000    4.6709827947629D-09  3.893D-10
  106.187500    4.6627405058149D-09  3.886D-10
  106.250000    4.6545175968819D-09  3.879D-10
  106.312500    4.6463140110577D-09  3.872D-10
  106.375000    4.6381296916218D-09  3.866D-10
  106.437500    4.6299645820398D-09  3.859D-10
  106.500000    4.6218186259936D-09  3.852D-10
  106.562500    4.6136917673512D-09  3.845D-10
  106.625000    4.6055839501869D-09  3.839D-10
  106.687500    4.5974951187710D-09  3.832D-10
  106.750000    4.5894252175495D-09  3.825D-10
  106.812500    4.5813741911953D-09  3.818D-10
  106.875000    4.5733419845566D-09  3.812D-10
  106.937500    4.5653285426780D-09  3.805D-10
  107.000000    4.5573338107897D-09  3.798D-10
  107.062500    4.5493577343283D-09  3.792D-10
  107.125000    4.5414002589164D-09  3.785D-10
  107.187500    4.5334613303516D-09  3.778D-10
  107.250000    4.5255408946384D-09  3.772D-10
  107.312500    4.5176388979565D-09  3.765D-10
  107.375000    4.5097552867023D-09  3.759D-10
  107.437500    4.5018900074169D-09  3.752D-10
  107.500000    4.4940430068477D-09  3.746D-10
  107.562500    4.4862142319484D-09  3.739D-10
  107.625000    4.4784036298277D-09  3.733D-10
  107.687500    4.4706111477800D-09  3.726D-10
  107.750000    4.4628367333061D-09  3.720D-10
  107.812500    4.4550803340616D-09  3.713D-10
  107.875000    4.4473418979087D-09  3.707D-10
  107.937500    4.4396213728641D-09  3.700D-10
  108.000000    4.4319187071511D-09  3.694D-10
  108.062500    4.4242338491583D-09  3.687D-10
  108.125000    4.4165667474493D-09  3.681D-10
  108.187500    4.4089173507843D-09  3.675D-10
  108.250000    4.4012856080780D-09  3.668D-10
  108.312500    4.3936714684413D-09  3.662D-10
  108.375000    4.3860748811399D-09  3.656D-10
  108.437500    4.3784957956459D-09  3.649D-10
  108.500000    4.3709341615656D-09  3.643D-10
  108.562500    4.3633899287221D-09  3.637D-10
  108.625000    4.3558630470725D-09  3.630D-10
  108.687500    4.3483534667805D-09  3.624D-10
  108.750000    4.3408611381541D-09  3.618D-10
  108.812500    4.3333860116874D-09  3.612D-10
  108.875000    4.3259280380496D-09  3.605D-10
  108.937500    4.3184871680547D-09  3.599D-10
  109.000000    4.3110633527125D-09  3.593D-10
  109.062500    4.3036565431878D-09  3.587D-10
  109.125000    4.2962666908105D-09  3.581D-10
  109.187500    4.2888937470964D-09  3.575D-10
  109.250000    4.2815376637158D-09  3.568D-10
  109.312500    4.2741983924839D-09  3.562D-10
  109.375000    4.2668758854220D-09  3.556D-10
  109.437500    4.2595700946754D-09  3.550D-10
  109.500000    4.2522809725854D-09  3.544D-10
  109.562500    4.2450084716379D-09  3.538D-10
  109.625000    4.2377525444840D-09  3.532D-10
  109.687500    4.2305131439397D-09  3.526D-10
  109.750000    4.2232902229864D-09  3.520D-10
  109.812500    4.2160837347498D-09  3.514D-10
  109.875000    4.2088936325415D-09  3.508D-10
  109.937500    4.2017198697968D-09  3.502D-10
  110.000000    4.1945624001474D-09  3.496D-10
  110.062500    4.1874211773588D-09  3.490D-10
  110.125000    4.1802961553619D-09  3.484D-10
  110.187500    4.1731872882320D-09  3.478D-10
  110.250000    4.1660945302303D-09  3.472D-10
  110.312500    4.1590178357416D-09  3.466D-10
  110.375000    4.1519571593161D-09  3.460D-10
  110.437500    4.1449124556690D-09  3.455D-10
  110.500000    4.1378836796497D-09  3.449D-10
  110.562500    4.1308707862830D-09  3.443D-10
  110.625000    4.1238737307282D-09  3.437D-10
  110.687500    4.1168924682989D-09  3.431D-10
  110.750000    4.1099269544742D-09  3.425D-10
  110.812500    4.1029771448569D-09  3.420D-10
  110.875000    4.0960429952254D-09  3.414D-10
  110.937500    4.0891244615025D-09  3.408D-10
  111.000000    4.0822214997556D-09  3.402D-10
  111.062500    4.0753340661860D-09  3.397D-10
  111.125000    4.0684621171707D-09  3.391D-10
  111.187500    4.0616056092210D-09  3.385D-10
  111.250000    4.0547644989716D-09  3.379D-10
  111.312500    4.0479387432539D-09  3.374D-10
  111.375000    4.0411282990020D-09  3.368D-10
  111.437500    4.0343331233050D-09  3.362D-10
  111.500000    4.0275531733967D-09  3.357D-10
  111.562500    4.0207884066757D-09  3.351D-10
  111.625000    4.0140387806543D-09  3.345D-10
  111.687500    4.0073042529894D-09  3.340D-10
  111.750000    4.0005847815028D-09  3.334D-10
  111.812500    3.9938803241404D-09  3.329D-10
  111.875000    3.9871908389925D-09  3.323D-10
  111.937500    3.9805162842938D-09  3.318D-10
  112.000000    3.9738566184030D-09  3.312D-10
  112.062500    3.9672117998336D-09  3.306D-10
  112.125000    3.9605817872331D-09  3.301D-10
  112.187500    3.9539665393938D-09  3.295D-10
  112.250000    3.9473660152419D-09  3.290D-10
  112.312500    3.9407801738174D-09  3.284D-10
  112.375000    3.9342089743457D-09  3.279D-10
  112.437500    3.9276523761456D-09  3.273D-10
  112.500000    3.9211103386903D-09  3.268D-10
  112.562500    3.9145828215668D-09  3.263D-10
  112.625000    3.9080697845373D-09  3.257D-10
  112.687500    3.9015711874675D-09  3.252D-10
  112.750000    3.8950869903570D-09  3.246D-10
  112.812500    3.8886171533399D-09  3.241D-10
  112.875000    3.8821616367049D-09  3.236D-10
  112.937500    3.8757204008335D-09  3.230D-10
  113.000000    3.8692934062727D-09  3.225D-10
  113.062500    3.8628806136723D-09  3.220D-10
  113.125000    3.8564819838476D-09  3.214D-10
  113.187500    3.8500974777169D-09  3.209D-10
  113.250000    3.8437270563223D-09  3.204D-10
  113.312500    3.8373706808610D-09  3.198D-10
  113.375000    3.8310283126332D-09  3.193D-10
  113.437500    3.8246999130836D-09  3.188D-10
  113.500000    3.8183854437808D-09  3.182D-10
  113.562500    3.8120848664070D-09  3.177D-10
  113.625000    3.8057981427992D-09  3.172D-10
  113.687500    3.7995252348873D-09  3.167D-10
  113.750000    3.7932661047455D-09  3.161D-10
  113.812500    3.7870207145617D-09  3.156D-10
  113.875000    3.7807890266788D-09  3.151D-10
  113.937500    3.7745710035221D-09  3.146D-10
